benchmark,prediction,loss
/data/SMT-LIB-non-incremental/QF_S/2020-sygus-qgen/queries-no-ree/query10041.smt2,CVC4,2399.9728921
/data/SMT-LIB-non-incremental/QF_S/2020-sygus-qgen/queries-no-ree/query3231.smt2,CVC4,2399.972322
/data/SMT-LIB-non-incremental/QF_S/2019-Jiang/slog/slog_stranger_4197_sink.smt2,CVC4,222.1091
/data/SMT-LIB-non-incremental/QF_S/2019-Jiang/slog/slog_stranger_1251_sink.smt2,CVC4,217.36780000000002
/data/SMT-LIB-non-incremental/QF_S/2020-sygus-qgen/queries-no-ree/query8867.smt2,CVC4,119.519012
/data/SMT-LIB-non-incremental/QF_S/2020-sygus-qgen/queries-no-ree/query10611.smt2,CVC4,112.01521690000001
/data/SMT-LIB-non-incremental/QF_S/2020-sygus-qgen/queries-no-ree/query4914.smt2,CVC4,105.17694
/data/SMT-LIB-non-incremental/QF_S/2020-sygus-qgen/queries-no-ree/query3577.smt2,CVC4,105.13373800000001
/data/SMT-LIB-non-incremental/QF_S/2020-sygus-qgen/queries/query7487.smt2,CVC4,49.3869879
/data/SMT-LIB-non-incremental/QF_S/2020-sygus-qgen/queries/query3478.smt2,CVC4,26.5712741
/data/SMT-LIB-non-incremental/QF_S/2020-sygus-qgen/queries-no-ree/query3214.smt2,CVC4,26.369603899999998
/data/SMT-LIB-non-incremental/QF_S/2020-sygus-qgen/queries-no-ree/query9416.smt2,CVC4,21.472372099999998
/data/SMT-LIB-non-incremental/QF_S/2020-sygus-qgen/queries/query3568.smt2,CVC4,15.8894851
/data/SMT-LIB-non-incremental/QF_S/2020-sygus-qgen/queries-no-ree/query3316.smt2,CVC4,15.23973
/data/SMT-LIB-non-incremental/QF_S/2020-sygus-qgen/queries/query3577.smt2,CVC4,15.200766999999999
/data/SMT-LIB-non-incremental/QF_S/2020-sygus-qgen/queries/query3466.smt2,CVC4,13.2389021
/data/SMT-LIB-non-incremental/QF_S/2020-sygus-qgen/queries-no-ree/query3950.smt2,CVC4,12.339085899999999
/data/SMT-LIB-non-incremental/QF_S/2020-sygus-qgen/queries-no-ree/query5315.smt2,CVC4,10.6337751
/data/SMT-LIB-non-incremental/QF_S/2020-sygus-qgen/queries/query6842.smt2,CVC4,10.506674
/data/SMT-LIB-non-incremental/QF_S/2020-sygus-qgen/queries-no-ree/query3252.smt2,CVC4,10.005461
/data/SMT-LIB-non-incremental/QF_S/2020-sygus-qgen/queries/query3694.smt2,CVC4,9.996113
/data/SMT-LIB-non-incremental/QF_S/2020-sygus-qgen/queries/query4933.smt2,CVC4,8.104182
/data/SMT-LIB-non-incremental/QF_S/2020-sygus-qgen/queries/query3368.smt2,CVC4,7.64622
/data/SMT-LIB-non-incremental/QF_S/2020-sygus-qgen/queries/query4293.smt2,CVC4,7.441732
/data/SMT-LIB-non-incremental/QF_S/2020-sygus-qgen/queries/query4267.smt2,CVC4,6.6294231
/data/SMT-LIB-non-incremental/QF_S/2020-sygus-qgen/queries/query3177.smt2,CVC4,6.2277401
/data/SMT-LIB-non-incremental/QF_S/2020-sygus-qgen/queries-no-ree/query10295.smt2,CVC4,6.1547941
/data/SMT-LIB-non-incremental/QF_S/2020-sygus-qgen/queries/query4416.smt2,CVC4,5.926271000000001
/data/SMT-LIB-non-incremental/QF_S/2020-sygus-qgen/queries-no-ree/query8468.smt2,CVC4,5.271773
/data/SMT-LIB-non-incremental/QF_S/2020-sygus-qgen/queries/query8589.smt2,CVC4,5.2211011
/data/SMT-LIB-non-incremental/QF_S/2020-sygus-qgen/queries/query5098.smt2,CVC4,4.6054189999999995
/data/SMT-LIB-non-incremental/QF_S/2020-sygus-qgen/queries/query5436.smt2,CVC4,4.0753301
/data/SMT-LIB-non-incremental/QF_S/2020-sygus-qgen/queries-no-ree/query3189.smt2,CVC4,3.8223181
/data/SMT-LIB-non-incremental/QF_S/2020-sygus-qgen/queries/query3133.smt2,CVC4,3.752988
/data/SMT-LIB-non-incremental/QF_S/2019-Jiang/slog/slog_stranger_2282_sink.smt2,CVC4,3.4743700000000004
/data/SMT-LIB-non-incremental/QF_S/2020-sygus-qgen/queries-no-ree/query6842.smt2,CVC4,3.363507
/data/SMT-LIB-non-incremental/QF_S/2019-Jiang/slog/slog_stranger_4374_sink.smt2,CVC4,3.3500219999999996
/data/SMT-LIB-non-incremental/QF_S/2020-sygus-qgen/queries/query3194.smt2,CVC4,3.2660289
/data/SMT-LIB-non-incremental/QF_S/2020-sygus-qgen/queries/query3321.smt2,CVC4,3.0507180000000003
/data/SMT-LIB-non-incremental/QF_S/2020-sygus-qgen/queries-no-ree/query10642.smt2,CVC4,2.889474
/data/SMT-LIB-non-incremental/QF_S/2020-sygus-qgen/queries-no-ree/query10684.smt2,CVC4,2.8779841000000004
/data/SMT-LIB-non-incremental/QF_S/2020-sygus-qgen/queries/query3445.smt2,CVC4,2.870817
/data/SMT-LIB-non-incremental/QF_S/2020-sygus-qgen/queries/query5763.smt2,CVC4,2.518336
/data/SMT-LIB-non-incremental/QF_S/2020-sygus-qgen/queries-no-ree/query3943.smt2,CVC4,2.4309939999999997
/data/SMT-LIB-non-incremental/QF_S/2020-sygus-qgen/queries/query3096.smt2,CVC4,2.398928
/data/SMT-LIB-non-incremental/QF_S/2020-sygus-qgen/queries-no-ree/query4860.smt2,CVC4,2.3877951
/data/SMT-LIB-non-incremental/QF_S/2020-sygus-qgen/queries/query8955.smt2,CVC4,2.2241661
/data/SMT-LIB-non-incremental/QF_S/2020-sygus-qgen/queries-no-ree/query7904.smt2,CVC4,2.217844
/data/SMT-LIB-non-incremental/QF_S/2020-sygus-qgen/queries/query4111.smt2,CVC4,2.1891461
/data/SMT-LIB-non-incremental/QF_S/2020-sygus-qgen/queries-no-ree/query10629.smt2,CVC4,2.158502
/data/SMT-LIB-non-incremental/QF_S/2020-sygus-qgen/queries-no-ree/query10675.smt2,CVC4,2.1460019000000004
/data/SMT-LIB-non-incremental/QF_S/2020-sygus-qgen/queries/query3463.smt2,CVC4,2.0259641
/data/SMT-LIB-non-incremental/QF_S/2020-sygus-qgen/queries/query3570.smt2,CVC4,2.010651
/data/SMT-LIB-non-incremental/QF_S/2020-sygus-qgen/queries/query3253.smt2,CVC4,2.0095501000000002
/data/SMT-LIB-non-incremental/QF_S/2020-sygus-qgen/queries/query3864.smt2,CVC4,1.9992298999999998
/data/SMT-LIB-non-incremental/QF_S/2020-sygus-qgen/queries/query3361.smt2,CVC4,1.9844229
/data/SMT-LIB-non-incremental/QF_S/2020-sygus-qgen/queries/query3428.smt2,CVC4,1.95994
/data/SMT-LIB-non-incremental/QF_S/2020-sygus-qgen/queries/query3473.smt2,CVC4,1.8677971
/data/SMT-LIB-non-incremental/QF_S/2020-sygus-qgen/queries/query3331.smt2,CVC4,1.5428790000000001
/data/SMT-LIB-non-incremental/QF_S/2020-sygus-qgen/queries/query3476.smt2,CVC4,1.5208030000000001
/data/SMT-LIB-non-incremental/QF_S/2020-sygus-qgen/queries/query6380.smt2,CVC4,1.451039
/data/SMT-LIB-non-incremental/QF_S/2020-sygus-qgen/queries-no-ree/query10669.smt2,CVC4,1.4450999
/data/SMT-LIB-non-incremental/QF_S/2020-sygus-qgen/queries/query4258.smt2,CVC4,1.374571
/data/SMT-LIB-non-incremental/QF_S/2020-sygus-qgen/queries/query3350.smt2,CVC4,1.3587809
/data/SMT-LIB-non-incremental/QF_S/2020-sygus-qgen/queries/query3164.smt2,CVC4,1.346166
/data/SMT-LIB-non-incremental/QF_S/2020-sygus-qgen/queries/query3386.smt2,CVC4,1.2638308999999999
/data/SMT-LIB-non-incremental/QF_S/2020-sygus-qgen/queries/query3532.smt2,CVC4,1.2438980000000002
/data/SMT-LIB-non-incremental/QF_S/2020-sygus-qgen/queries/query3873.smt2,CVC4,1.1943099000000001
/data/SMT-LIB-non-incremental/QF_S/2020-sygus-qgen/queries-no-ree/query8917.smt2,CVC4,1.155718
/data/SMT-LIB-non-incremental/QF_S/2020-sygus-qgen/queries/query6387.smt2,CVC4,1.0400499
/data/SMT-LIB-non-incremental/QF_S/2020-sygus-qgen/queries/query3102.smt2,CVC4,1.0303609999999999
/data/SMT-LIB-non-incremental/QF_S/2020-sygus-qgen/queries-no-ree/query6203.smt2,CVC4,0.9874729999999999
/data/SMT-LIB-non-incremental/QF_S/2020-sygus-qgen/queries/query8348.smt2,CVC4,0.9869009999999999
/data/SMT-LIB-non-incremental/QF_S/2020-sygus-qgen/queries/query3489.smt2,CVC4,0.952994
/data/SMT-LIB-non-incremental/QF_S/2020-sygus-qgen/queries/query6569.smt2,CVC4,0.943469
/data/SMT-LIB-non-incremental/QF_S/2020-sygus-qgen/queries-no-ree/query5852.smt2,CVC4,0.9265680000000001
/data/SMT-LIB-non-incremental/QF_S/2020-sygus-qgen/queries/query7561.smt2,CVC4,0.918477
/data/SMT-LIB-non-incremental/QF_S/2020-sygus-qgen/queries/query4399.smt2,CVC4,0.8880871
/data/SMT-LIB-non-incremental/QF_S/2020-sygus-qgen/queries/query3569.smt2,CVC4,0.736502
/data/SMT-LIB-non-incremental/QF_S/2020-sygus-qgen/queries-no-ree/query3549.smt2,CVC4,0.7338109
/data/SMT-LIB-non-incremental/QF_S/2020-sygus-qgen/queries/query9070.smt2,CVC4,0.6944469999999999
/data/SMT-LIB-non-incremental/QF_S/2020-sygus-qgen/queries/query3113.smt2,CVC4,0.6843321
/data/SMT-LIB-non-incremental/QF_S/2020-sygus-qgen/queries/query6823.smt2,CVC4,0.665216
/data/SMT-LIB-non-incremental/QF_S/2020-sygus-qgen/queries/query3468.smt2,CVC4,0.660833
/data/SMT-LIB-non-incremental/QF_S/2020-sygus-qgen/queries/query3124.smt2,CVC4,0.5977351
/data/SMT-LIB-non-incremental/QF_S/2020-sygus-qgen/queries/query3160.smt2,CVC4,0.5960729
/data/SMT-LIB-non-incremental/QF_S/2020-sygus-qgen/queries/query3330.smt2,CVC4,0.5896509000000001
/data/SMT-LIB-non-incremental/QF_S/2020-sygus-qgen/queries/query3146.smt2,CVC4,0.5792638999999999
/data/SMT-LIB-non-incremental/QF_S/2020-sygus-qgen/queries/query6481.smt2,CVC4,0.54766
/data/SMT-LIB-non-incremental/QF_S/2020-sygus-qgen/queries/query9063.smt2,CVC4,0.4699059
/data/SMT-LIB-non-incremental/QF_S/2020-sygus-qgen/queries/query3969.smt2,CVC4,0.45184799999999997
/data/SMT-LIB-non-incremental/QF_S/2020-sygus-qgen/queries-no-ree/query7455.smt2,CVC4,0.4367469
/data/SMT-LIB-non-incremental/QF_S/2020-sygus-qgen/queries/query3167.smt2,CVC4,0.4130599
/data/SMT-LIB-non-incremental/QF_S/2020-sygus-qgen/queries/query7704.smt2,CVC4,0.3813571
/data/SMT-LIB-non-incremental/QF_S/2020-sygus-qgen/queries/query3534.smt2,CVC4,0.377602
/data/SMT-LIB-non-incremental/QF_S/2020-sygus-qgen/queries/query3556.smt2,CVC4,0.37157209999999996
/data/SMT-LIB-non-incremental/QF_S/2020-sygus-qgen/queries/query3155.smt2,CVC4,0.36452599999999996
/data/SMT-LIB-non-incremental/QF_S/2020-sygus-qgen/queries-no-ree/query6223.smt2,CVC4,0.29891690000000004
/data/SMT-LIB-non-incremental/QF_S/2020-sygus-qgen/queries-no-ree/query5519.smt2,CVC4,0.28422390000000003
/data/SMT-LIB-non-incremental/QF_S/2020-sygus-qgen/queries/query2885.smt2,CVC4,0.2812929
/data/SMT-LIB-non-incremental/QF_S/2020-sygus-qgen/queries/query5216.smt2,CVC4,0.26923899999999995
/data/SMT-LIB-non-incremental/QF_S/2020-sygus-qgen/queries/query3318.smt2,CVC4,0.25975699999999996
/data/SMT-LIB-non-incremental/QF_S/2020-sygus-qgen/queries/query8000.smt2,CVC4,0.25241800000000003
/data/SMT-LIB-non-incremental/QF_S/2020-sygus-qgen/queries/query8867.smt2,CVC4,0.17352399999999998
/data/SMT-LIB-non-incremental/QF_S/2020-sygus-qgen/queries/query6136.smt2,CVC4,0.17286189999999999
/data/SMT-LIB-non-incremental/QF_S/2020-sygus-qgen/queries/query4583.smt2,CVC4,0.155601
/data/SMT-LIB-non-incremental/QF_S/2020-sygus-qgen/queries/query8824.smt2,CVC4,0.10206189999999998
/data/SMT-LIB-non-incremental/QF_S/2020-sygus-qgen/queries/query3246.smt2,CVC4,0.09765789999999999
/data/SMT-LIB-non-incremental/QF_S/2020-sygus-qgen/queries/query6637.smt2,CVC4,0.09690299999999999
/data/SMT-LIB-non-incremental/QF_S/2020-sygus-qgen/queries/query8855.smt2,CVC4,0.08818889999999999
/data/SMT-LIB-non-incremental/QF_S/2019-Jiang/slog/slog_stranger_2218_sink.smt2,CVC4,0.024419100000000003
/data/SMT-LIB-non-incremental/QF_S/2019-Jiang/slog/slog_stranger_2271_sink.smt2,CVC4,0.023387980000000003
/data/SMT-LIB-non-incremental/QF_S/2019-Jiang/slog/slog_stranger_1691_sink.smt2,CVC4,0.0224972
/data/SMT-LIB-non-incremental/QF_S/2019-Jiang/slog/slog_stranger_5463_sink.smt2,CVC4,0.020002199999999998
/data/SMT-LIB-non-incremental/QF_S/2019-Jiang/slog/slog_stranger_928_sink.smt2,CVC4,0.0193661
/data/SMT-LIB-non-incremental/QF_S/2019-Jiang/slog/slog_stranger_2595_sink.smt2,CVC4,0.017961
/data/SMT-LIB-non-incremental/QF_S/2019-Jiang/slog/slog_stranger_1286_sink.smt2,CVC4,0.017317100000000002
/data/SMT-LIB-non-incremental/QF_S/2019-Jiang/slog/slog_stranger_2166_sink.smt2,CVC4,0.016819
/data/SMT-LIB-non-incremental/QF_S/2019-Jiang/slog/slog_stranger_1131_sink.smt2,CVC4,0.016434
/data/SMT-LIB-non-incremental/QF_S/2019-Jiang/slog/slog_stranger_1060_sink.smt2,CVC4,0.016055
/data/SMT-LIB-non-incremental/QF_S/2019-Jiang/slog/slog_stranger_2004_sink.smt2,CVC4,0.0155841
/data/SMT-LIB-non-incremental/QF_S/2019-Jiang/slog/slog_stranger_2190_sink.smt2,CVC4,0.0152631
/data/SMT-LIB-non-incremental/QF_S/2019-Jiang/slog/slog_stranger_1496_sink.smt2,CVC4,0.014976100000000001
/data/SMT-LIB-non-incremental/QF_S/2019-Jiang/slog/slog_stranger_2122_sink.smt2,CVC4,0.014353100000000002
/data/SMT-LIB-non-incremental/QF_S/2019-Jiang/slog/slog_stranger_227_sink.smt2,CVC4,0.0142559
/data/SMT-LIB-non-incremental/QF_S/2019-Jiang/slog/slog_stranger_384_sink.smt2,CVC4,0.01373
/data/SMT-LIB-non-incremental/QF_S/2019-Jiang/slog/slog_stranger_1870_sink.smt2,CVC4,0.013661000000000001
/data/SMT-LIB-non-incremental/QF_S/2019-Jiang/slog/slog_stranger_2152_sink.smt2,CVC4,0.013581100000000002
/data/SMT-LIB-non-incremental/QF_S/2019-Jiang/slog/slog_stranger_1261_sink.smt2,CVC4,0.013552
/data/SMT-LIB-non-incremental/QF_S/2019-Jiang/slog/slog_stranger_2233_sink.smt2,CVC4,0.013528100000000001
/data/SMT-LIB-non-incremental/QF_S/2019-Jiang/slog/slog_stranger_2633_sink.smt2,CVC4,0.013151789999999998
/data/SMT-LIB-non-incremental/QF_S/2019-Jiang/slog/slog_stranger_1854_sink.smt2,CVC4,0.012368000000000004
/data/SMT-LIB-non-incremental/QF_S/2019-Jiang/slog/slog_stranger_2372_sink.smt2,CVC4,0.0123421
/data/SMT-LIB-non-incremental/QF_S/2019-Jiang/slog/slog_stranger_5436_sink.smt2,CVC4,0.0121829
/data/SMT-LIB-non-incremental/QF_S/2019-Jiang/slog/slog_stranger_188_sink.smt2,CVC4,0.0121591
/data/SMT-LIB-non-incremental/QF_S/2019-Jiang/slog/slog_stranger_1939_sink.smt2,CVC4,0.011968000000000001
/data/SMT-LIB-non-incremental/QF_S/2019-Jiang/slog/slog_stranger_775_sink.smt2,CVC4,0.011473999999999998
/data/SMT-LIB-non-incremental/QF_S/2019-Jiang/slog/slog_stranger_327_sink.smt2,CVC4,0.011135999999999997
/data/SMT-LIB-non-incremental/QF_S/2019-Jiang/slog/slog_stranger_4560_sink.smt2,CVC4,0.010753100000000002
/data/SMT-LIB-non-incremental/QF_S/2019-Jiang/slog/slog_stranger_2368_sink.smt2,CVC4,0.01057692
/data/SMT-LIB-non-incremental/QF_S/2019-Jiang/slog/slog_stranger_1990_sink.smt2,CVC4,0.010533199999999996
/data/SMT-LIB-non-incremental/QF_S/2019-Jiang/slog/slog_stranger_2367_sink.smt2,CVC4,0.010354999999999998
/data/SMT-LIB-non-incremental/QF_S/2019-Jiang/slog/slog_stranger_1966_sink.smt2,CVC4,0.010348020000000001
/data/SMT-LIB-non-incremental/QF_S/2019-Jiang/slog/slog_stranger_1968_sink.smt2,CVC4,0.010090090000000001
/data/SMT-LIB-non-incremental/QF_S/2019-Jiang/slog/slog_stranger_1141_sink.smt2,CVC4,0.01000095
/data/SMT-LIB-non-incremental/QF_S/2019-Jiang/slog/slog_stranger_386_sink.smt2,CVC4,0.009988999999999998
/data/SMT-LIB-non-incremental/QF_S/2019-Jiang/slog/slog_stranger_2344_sink.smt2,CVC4,0.00965804
/data/SMT-LIB-non-incremental/QF_S/2019-Jiang/slog/slog_stranger_380_sink.smt2,CVC4,0.009596099999999998
/data/SMT-LIB-non-incremental/QF_S/2019-Jiang/slog/slog_stranger_5431_sink.smt2,CVC4,0.009457000000000002
/data/SMT-LIB-non-incremental/QF_S/2019-Jiang/slog/slog_stranger_574_sink.smt2,CVC4,0.009146910000000001
/data/SMT-LIB-non-incremental/QF_S/2019-Jiang/slog/slog_stranger_955_sink.smt2,CVC4,0.0089919
/data/SMT-LIB-non-incremental/QF_S/2019-Jiang/slog/slog_stranger_2693_sink.smt2,CVC4,0.0089668
/data/SMT-LIB-non-incremental/QF_S/2019-Jiang/slog/slog_stranger_1940_sink.smt2,CVC4,0.008924999999999999
/data/SMT-LIB-non-incremental/QF_S/2019-Jiang/slog/slog_stranger_902_sink.smt2,CVC4,0.008861099999999998
/data/SMT-LIB-non-incremental/QF_S/2019-Jiang/slog/slog_stranger_1733_sink.smt2,CVC4,0.008798049999999998
/data/SMT-LIB-non-incremental/QF_S/2019-Jiang/slog/slog_stranger_137_sink.smt2,CVC4,0.008526999999999996
/data/SMT-LIB-non-incremental/QF_S/2019-Jiang/slog/slog_stranger_2207_sink.smt2,CVC4,0.00847007
/data/SMT-LIB-non-incremental/QF_S/2019-Jiang/slog/slog_stranger_2212_sink.smt2,CVC4,0.00840417
/data/SMT-LIB-non-incremental/QF_S/2019-Jiang/slog/slog_stranger_5445_sink.smt2,CVC4,0.008342899999999999
/data/SMT-LIB-non-incremental/QF_S/2019-Jiang/slog/slog_stranger_2466_sink.smt2,CVC4,0.008158100000000001
/data/SMT-LIB-non-incremental/QF_S/2019-Jiang/slog/slog_stranger_4451_sink.smt2,CVC4,0.008100999999999999
/data/SMT-LIB-non-incremental/QF_S/2019-Jiang/slog/slog_stranger_2759_sink.smt2,CVC4,0.00798703
/data/SMT-LIB-non-incremental/QF_S/2019-Jiang/slog/slog_stranger_933_sink.smt2,CVC4,0.0078972
/data/SMT-LIB-non-incremental/QF_S/2019-Jiang/slog/slog_stranger_273_sink.smt2,CVC4,0.007811899999999998
/data/SMT-LIB-non-incremental/QF_S/2019-Jiang/slog/slog_stranger_2208_sink.smt2,CVC4,0.007784010000000001
/data/SMT-LIB-non-incremental/QF_S/2019-Jiang/slog/slog_stranger_3075_sink.smt2,CVC4,0.007658100000000001
/data/SMT-LIB-non-incremental/QF_S/2019-Jiang/slog/slog_stranger_388_sink.smt2,CVC4,0.007489900000000001
/data/SMT-LIB-non-incremental/QF_S/2019-Jiang/slog/slog_stranger_485_sink.smt2,CVC4,0.007356909999999998
/data/SMT-LIB-non-incremental/QF_S/2019-Jiang/slog/slog_stranger_2423_sink.smt2,CVC4,0.007225100000000002
/data/SMT-LIB-non-incremental/QF_S/2019-Jiang/slog/slog_stranger_2977_sink.smt2,CVC4,0.0071451
/data/SMT-LIB-non-incremental/QF_S/2019-Jiang/slog/slog_stranger_564_sink.smt2,CVC4,0.006985
/data/SMT-LIB-non-incremental/QF_S/2019-Jiang/slog/slog_stranger_1600_sink.smt2,CVC4,0.006914
/data/SMT-LIB-non-incremental/QF_S/2019-Jiang/slog/slog_stranger_1370_sink.smt2,CVC4,0.006872
/data/SMT-LIB-non-incremental/QF_S/2019-Jiang/slog/slog_stranger_148_sink.smt2,CVC4,0.006835899999999999
/data/SMT-LIB-non-incremental/QF_S/2019-Jiang/slog/slog_stranger_2593_sink.smt2,CVC4,0.006765899999999998
/data/SMT-LIB-non-incremental/QF_S/2019-Jiang/slog/slog_stranger_1895_sink.smt2,CVC4,0.0067638
/data/SMT-LIB-non-incremental/QF_S/2019-Jiang/slog/slog_stranger_2736_sink.smt2,CVC4,0.006666100000000001
/data/SMT-LIB-non-incremental/QF_S/2019-Jiang/slog/slog_stranger_1168_sink.smt2,CVC4,0.006539999999999999
/data/SMT-LIB-non-incremental/QF_S/2019-Jiang/slog/slog_stranger_252_sink.smt2,CVC4,0.006496000000000002
/data/SMT-LIB-non-incremental/QF_S/2019-Jiang/slog/slog_stranger_3074_sink.smt2,CVC4,0.006311000000000004
/data/SMT-LIB-non-incremental/QF_S/2019-Jiang/slog/slog_stranger_1682_sink.smt2,CVC4,0.006274000000000002
/data/SMT-LIB-non-incremental/QF_S/2019-Jiang/slog/slog_stranger_2055_sink.smt2,CVC4,0.0062678000000000005
/data/SMT-LIB-non-incremental/QF_S/2019-Jiang/slog/slog_stranger_489_sink.smt2,CVC4,0.006209900000000001
/data/SMT-LIB-non-incremental/QF_S/2019-Jiang/slog/slog_stranger_2811_sink.smt2,CVC4,0.00609499
/data/SMT-LIB-non-incremental/QF_S/2019-Jiang/slog/slog_stranger_333_sink.smt2,CVC4,0.006069099999999999
/data/SMT-LIB-non-incremental/QF_S/2019-Jiang/slog/slog_stranger_1020_sink.smt2,CVC4,0.006053889999999999
/data/SMT-LIB-non-incremental/QF_S/2019-Jiang/slog/slog_stranger_627_sink.smt2,CVC4,0.005970800000000002
/data/SMT-LIB-non-incremental/QF_S/2019-Jiang/slog/slog_stranger_2677_sink.smt2,CVC4,0.00594796
/data/SMT-LIB-non-incremental/QF_S/2019-Jiang/slog/slog_stranger_1096_sink.smt2,CVC4,0.00592112
/data/SMT-LIB-non-incremental/QF_S/2019-Jiang/slog/slog_stranger_177_sink.smt2,CVC4,0.0058658999999999985
/data/SMT-LIB-non-incremental/QF_S/2019-Jiang/slog/slog_stranger_1678_sink.smt2,CVC4,0.0058128
/data/SMT-LIB-non-incremental/QF_S/2019-Jiang/slog/slog_stranger_184_sink.smt2,CVC4,0.005756200000000001
/data/SMT-LIB-non-incremental/QF_S/2019-Jiang/slog/slog_stranger_3023_sink.smt2,CVC4,0.005738899999999998
/data/SMT-LIB-non-incremental/QF_S/2019-Jiang/slog/slog_stranger_2794_sink.smt2,CVC4,0.0056960199999999996
/data/SMT-LIB-non-incremental/QF_S/2019-Jiang/slog/slog_stranger_2767_sink.smt2,CVC4,0.0056649000000000005
/data/SMT-LIB-non-incremental/QF_S/2019-Jiang/slog/slog_stranger_755_sink.smt2,CVC4,0.0056641
/data/SMT-LIB-non-incremental/QF_S/2019-Jiang/slog/slog_stranger_1025_sink.smt2,CVC4,0.005648139999999999
/data/SMT-LIB-non-incremental/QF_S/2019-Jiang/slog/slog_stranger_2321_sink.smt2,CVC4,0.0056398
/data/SMT-LIB-non-incremental/QF_S/2019-Jiang/slog/slog_stranger_1946_sink.smt2,CVC4,0.005594999999999999
/data/SMT-LIB-non-incremental/QF_S/2019-Jiang/slog/slog_stranger_1035_sink.smt2,CVC4,0.005588050000000001
/data/SMT-LIB-non-incremental/QF_S/2019-Jiang/slog/slog_stranger_1582_sink.smt2,CVC4,0.005583899999999999
/data/SMT-LIB-non-incremental/QF_S/2019-Jiang/slog/slog_stranger_2543_sink.smt2,CVC4,0.0055499899999999994
/data/SMT-LIB-non-incremental/QF_S/2019-Jiang/slog/slog_stranger_381_sink.smt2,CVC4,0.00549704
/data/SMT-LIB-non-incremental/QF_S/2019-Jiang/slog/slog_stranger_595_sink.smt2,CVC4,0.005456900000000001
/data/SMT-LIB-non-incremental/QF_S/2019-Jiang/slog/slog_stranger_2600_sink.smt2,CVC4,0.005418900000000001
/data/SMT-LIB-non-incremental/QF_S/2019-Jiang/slog/slog_stranger_348_sink.smt2,CVC4,0.0053449
/data/SMT-LIB-non-incremental/QF_S/2019-Jiang/slog/slog_stranger_2217_sink.smt2,CVC4,0.005302899999999999
/data/SMT-LIB-non-incremental/QF_S/2019-Jiang/slog/slog_stranger_2751_sink.smt2,CVC4,0.00527301
/data/SMT-LIB-non-incremental/QF_S/2019-Jiang/slog/slog_stranger_1500_sink.smt2,CVC4,0.0052670999999999985
/data/SMT-LIB-non-incremental/QF_S/2019-Jiang/slog/slog_stranger_2347_sink.smt2,CVC4,0.005262900000000001
/data/SMT-LIB-non-incremental/QF_S/2019-Jiang/slog/slog_stranger_2038_sink.smt2,CVC4,0.005254
/data/SMT-LIB-non-incremental/QF_S/2019-Jiang/slog/slog_stranger_1606_sink.smt2,CVC4,0.00524002
/data/SMT-LIB-non-incremental/QF_S/2019-Jiang/slog/slog_stranger_1721_sink.smt2,CVC4,0.0051820999999999985
/data/SMT-LIB-non-incremental/QF_S/2019-Jiang/slog/slog_stranger_2746_sink.smt2,CVC4,0.005134989999999999
/data/SMT-LIB-non-incremental/QF_S/2019-Jiang/slog/slog_stranger_2676_sink.smt2,CVC4,0.00512894
/data/SMT-LIB-non-incremental/QF_S/2019-Jiang/slog/slog_stranger_2406_sink.smt2,CVC4,0.005103999999999999
/data/SMT-LIB-non-incremental/QF_S/2019-Jiang/slog/slog_stranger_377_sink.smt2,CVC4,0.005100810000000001
/data/SMT-LIB-non-incremental/QF_S/2019-Jiang/slog/slog_stranger_2839_sink.smt2,CVC4,0.0050907999999999995
/data/SMT-LIB-non-incremental/QF_S/2019-Jiang/slog/slog_stranger_2847_sink.smt2,CVC4,0.0050848
/data/SMT-LIB-non-incremental/QF_S/2019-Jiang/slog/slog_stranger_1853_sink.smt2,CVC4,0.0050808
/data/SMT-LIB-non-incremental/QF_S/2019-Jiang/slog/slog_stranger_1859_sink.smt2,CVC4,0.005073899999999999
/data/SMT-LIB-non-incremental/QF_S/2019-Jiang/slog/slog_stranger_5500_sink.smt2,CVC4,0.00507202
/data/SMT-LIB-non-incremental/QF_S/2019-Jiang/slog/slog_stranger_1049_sink.smt2,CVC4,0.0050659
/data/SMT-LIB-non-incremental/QF_S/2019-Jiang/slog/slog_stranger_1445_sink.smt2,CVC4,0.0050521
/data/SMT-LIB-non-incremental/QF_S/2019-Jiang/slog/slog_stranger_1444_sink.smt2,CVC4,0.0050431
/data/SMT-LIB-non-incremental/QF_S/2019-Jiang/slog/slog_stranger_1558_sink.smt2,CVC4,0.00504189
/data/SMT-LIB-non-incremental/QF_S/2019-Jiang/slog/slog_stranger_2349_sink.smt2,CVC4,0.005039200000000001
/data/SMT-LIB-non-incremental/QF_S/2019-Jiang/slog/slog_stranger_1266_sink.smt2,CVC4,0.00503409
/data/SMT-LIB-non-incremental/QF_S/2019-Jiang/slog/slog_stranger_231_sink.smt2,CVC4,0.005031099999999998
/data/SMT-LIB-non-incremental/QF_S/2019-Jiang/slog/slog_stranger_969_sink.smt2,CVC4,0.0050221
/data/SMT-LIB-non-incremental/QF_S/2019-Jiang/slog/slog_stranger_1549_sink.smt2,CVC4,0.0050069
/data/SMT-LIB-non-incremental/QF_S/2019-Jiang/slog/slog_stranger_2803_sink.smt2,CVC4,0.005006
/data/SMT-LIB-non-incremental/QF_S/2019-Jiang/slog/slog_stranger_820_sink.smt2,CVC4,0.004990100000000001
/data/SMT-LIB-non-incremental/QF_S/2019-Jiang/slog/slog_stranger_1553_sink.smt2,CVC4,0.004990099999999999
/data/SMT-LIB-non-incremental/QF_S/2019-Jiang/slog/slog_stranger_134_sink.smt2,CVC4,0.0049857999999999986
/data/SMT-LIB-non-incremental/QF_S/2019-Jiang/slog/slog_stranger_1199_sink.smt2,CVC4,0.004975800000000001
/data/SMT-LIB-non-incremental/QF_S/2019-Jiang/slog/slog_stranger_376_sink.smt2,CVC4,0.0049420800000000015
/data/SMT-LIB-non-incremental/QF_S/2019-Jiang/slog/slog_stranger_687_sink.smt2,CVC4,0.004940119999999999
/data/SMT-LIB-non-incremental/QF_S/2019-Jiang/slog/slog_stranger_1239_sink.smt2,CVC4,0.0049239999999999996
/data/SMT-LIB-non-incremental/QF_S/2019-Jiang/slog/slog_stranger_1405_sink.smt2,CVC4,0.00489498
/data/SMT-LIB-non-incremental/QF_S/2019-Jiang/slog/slog_stranger_1002_sink.smt2,CVC4,0.004891990000000001
/data/SMT-LIB-non-incremental/QF_S/2019-Jiang/slog/slog_stranger_505_sink.smt2,CVC4,0.004889899999999999
/data/SMT-LIB-non-incremental/QF_S/2019-Jiang/slog/slog_stranger_369_sink.smt2,CVC4,0.004870999999999999
/data/SMT-LIB-non-incremental/QF_S/2019-Jiang/slog/slog_stranger_2328_sink.smt2,CVC4,0.004862979999999999
/data/SMT-LIB-non-incremental/QF_S/2019-Jiang/slog/slog_stranger_385_sink.smt2,CVC4,0.004861900000000001
/data/SMT-LIB-non-incremental/QF_S/2019-Jiang/slog/slog_stranger_2284_sink.smt2,CVC4,0.004822100000000001
/data/SMT-LIB-non-incremental/QF_S/2019-Jiang/slog/slog_stranger_2356_sink.smt2,CVC4,0.0048149
/data/SMT-LIB-non-incremental/QF_S/2019-Jiang/slog/slog_stranger_478_sink.smt2,CVC4,0.00477998
/data/SMT-LIB-non-incremental/QF_S/2019-Jiang/slog/slog_stranger_2075_sink.smt2,CVC4,0.004772219999999999
/data/SMT-LIB-non-incremental/QF_S/2019-Jiang/slog/slog_stranger_1294_sink.smt2,CVC4,0.004762000000000001
/data/SMT-LIB-non-incremental/QF_S/2019-Jiang/slog/slog_stranger_2221_sink.smt2,CVC4,0.004761050000000001
/data/SMT-LIB-non-incremental/QF_S/2019-Jiang/slog/slog_stranger_2592_sink.smt2,CVC4,0.0047609700000000015
/data/SMT-LIB-non-incremental/QF_S/2019-Jiang/slog/slog_stranger_2070_sink.smt2,CVC4,0.004754900000000001
/data/SMT-LIB-non-incremental/QF_S/2019-Jiang/slog/slog_stranger_2632_sink.smt2,CVC4,0.004749999999999999
/data/SMT-LIB-non-incremental/QF_S/2019-Jiang/slog/slog_stranger_1337_sink.smt2,CVC4,0.00472409
/data/SMT-LIB-non-incremental/QF_S/2019-Jiang/slog/slog_stranger_1881_sink.smt2,CVC4,0.004718080000000001
/data/SMT-LIB-non-incremental/QF_S/2019-Jiang/slog/slog_stranger_793_sink.smt2,CVC4,0.0047148
/data/SMT-LIB-non-incremental/QF_S/2019-Jiang/slog/slog_stranger_829_sink.smt2,CVC4,0.0047092
/data/SMT-LIB-non-incremental/QF_S/2019-Jiang/slog/slog_stranger_2495_sink.smt2,CVC4,0.004700900000000001
/data/SMT-LIB-non-incremental/QF_S/2019-Jiang/slog/slog_stranger_2675_sink.smt2,CVC4,0.0046681199999999996
/data/SMT-LIB-non-incremental/QF_S/2019-Jiang/slog/slog_stranger_3019_sink.smt2,CVC4,0.00466302
/data/SMT-LIB-non-incremental/QF_S/2019-Jiang/slog/slog_stranger_2331_sink.smt2,CVC4,0.0046541199999999994
/data/SMT-LIB-non-incremental/QF_S/2019-Jiang/slog/slog_stranger_1203_sink.smt2,CVC4,0.0046479
/data/SMT-LIB-non-incremental/QF_S/2019-Jiang/slog/slog_stranger_418_sink.smt2,CVC4,0.00464203
/data/SMT-LIB-non-incremental/QF_S/2019-Jiang/slog/slog_stranger_975_sink.smt2,CVC4,0.0046301
/data/SMT-LIB-non-incremental/QF_S/2019-Jiang/slog/slog_stranger_1350_sink.smt2,CVC4,0.0046178
/data/SMT-LIB-non-incremental/QF_S/2019-Jiang/slog/slog_stranger_2096_sink.smt2,CVC4,0.0045932
/data/SMT-LIB-non-incremental/QF_S/2019-Jiang/slog/slog_stranger_295_sink.smt2,CVC4,0.004591
/data/SMT-LIB-non-incremental/QF_S/2019-Jiang/slog/slog_stranger_1446_sink.smt2,CVC4,0.004573000000000001
/data/SMT-LIB-non-incremental/QF_S/2019-Jiang/slog/slog_stranger_615_sink.smt2,CVC4,0.00457107
/data/SMT-LIB-non-incremental/QF_S/2019-Jiang/slog/slog_stranger_662_sink.smt2,CVC4,0.004568910000000001
/data/SMT-LIB-non-incremental/QF_S/2019-Jiang/slog/slog_stranger_2553_sink.smt2,CVC4,0.004558900000000001
/data/SMT-LIB-non-incremental/QF_S/2019-Jiang/slog/slog_stranger_2790_sink.smt2,CVC4,0.004552899999999999
/data/SMT-LIB-non-incremental/QF_S/2019-Jiang/slog/slog_stranger_2813_sink.smt2,CVC4,0.00454211
/data/SMT-LIB-non-incremental/QF_S/2019-Jiang/slog/slog_stranger_694_sink.smt2,CVC4,0.0045299699999999995
/data/SMT-LIB-non-incremental/QF_S/2019-Jiang/slog/slog_stranger_2581_sink.smt2,CVC4,0.0045231
/data/SMT-LIB-non-incremental/QF_S/2019-Jiang/slog/slog_stranger_967_sink.smt2,CVC4,0.004523099999999999
/data/SMT-LIB-non-incremental/QF_S/2019-Jiang/slog/slog_stranger_430_sink.smt2,CVC4,0.004523050000000001
/data/SMT-LIB-non-incremental/QF_S/2019-Jiang/slog/slog_stranger_659_sink.smt2,CVC4,0.0044911
/data/SMT-LIB-non-incremental/QF_S/2019-Jiang/slog/slog_stranger_2225_sink.smt2,CVC4,0.004476000000000001
/data/SMT-LIB-non-incremental/QF_S/2019-Jiang/slog/slog_stranger_1720_sink.smt2,CVC4,0.004468099999999999
/data/SMT-LIB-non-incremental/QF_S/2019-Jiang/slog/slog_stranger_1253_sink.smt2,CVC4,0.004463999999999999
/data/SMT-LIB-non-incremental/QF_S/2019-Jiang/slog/slog_stranger_1494_sink.smt2,CVC4,0.0044489
/data/SMT-LIB-non-incremental/QF_S/2019-Jiang/slog/slog_stranger_1546_sink.smt2,CVC4,0.004421
/data/SMT-LIB-non-incremental/QF_S/2019-Jiang/slog/slog_stranger_366_sink.smt2,CVC4,0.004418100000000001
/data/SMT-LIB-non-incremental/QF_S/2019-Jiang/slog/slog_stranger_5510_sink.smt2,CVC4,0.0044179200000000005
/data/SMT-LIB-non-incremental/QF_S/2019-Jiang/slog/slog_stranger_2521_sink.smt2,CVC4,0.004416999999999999
/data/SMT-LIB-non-incremental/QF_S/2019-Jiang/slog/slog_stranger_2834_sink.smt2,CVC4,0.004409
/data/SMT-LIB-non-incremental/QF_S/2019-Jiang/slog/slog_stranger_894_sink.smt2,CVC4,0.004392
/data/SMT-LIB-non-incremental/QF_S/2019-Jiang/slog/slog_stranger_1347_sink.smt2,CVC4,0.004390139999999999
/data/SMT-LIB-non-incremental/QF_S/2019-Jiang/slog/slog_stranger_2671_sink.smt2,CVC4,0.00438611
/data/SMT-LIB-non-incremental/QF_S/2019-Jiang/slog/slog_stranger_898_sink.smt2,CVC4,0.00438584
/data/SMT-LIB-non-incremental/QF_S/2019-Jiang/slog/slog_stranger_599_sink.smt2,CVC4,0.004380800000000001
/data/SMT-LIB-non-incremental/QF_S/2019-Jiang/slog/slog_stranger_707_sink.smt2,CVC4,0.004377099999999998
/data/SMT-LIB-non-incremental/QF_S/2019-Jiang/slog/slog_stranger_2814_sink.smt2,CVC4,0.004351899999999999
/data/SMT-LIB-non-incremental/QF_S/2019-Jiang/slog/slog_stranger_2510_sink.smt2,CVC4,0.0043490000000000004
/data/SMT-LIB-non-incremental/QF_S/2019-Jiang/slog/slog_stranger_1357_sink.smt2,CVC4,0.004340799999999999
/data/SMT-LIB-non-incremental/QF_S/2019-Jiang/slog/slog_stranger_5448_sink.smt2,CVC4,0.004333999999999999
/data/SMT-LIB-non-incremental/QF_S/2019-Jiang/slog/slog_stranger_1451_sink.smt2,CVC4,0.0043289
/data/SMT-LIB-non-incremental/QF_S/2019-Jiang/slog/slog_stranger_2714_sink.smt2,CVC4,0.0043060400000000006
/data/SMT-LIB-non-incremental/QF_S/2019-Jiang/slog/slog_stranger_1773_sink.smt2,CVC4,0.0043041
/data/SMT-LIB-non-incremental/QF_S/2019-Jiang/slog/slog_stranger_3017_sink.smt2,CVC4,0.0042979
/data/SMT-LIB-non-incremental/QF_S/2019-Jiang/slog/slog_stranger_833_sink.smt2,CVC4,0.004270000000000001
/data/SMT-LIB-non-incremental/QF_S/2019-Jiang/slog/slog_stranger_2738_sink.smt2,CVC4,0.00426909
/data/SMT-LIB-non-incremental/QF_S/2019-Jiang/slog/slog_stranger_308_sink.smt2,CVC4,0.004252000000000001
/data/SMT-LIB-non-incremental/QF_S/2019-Jiang/slog/slog_stranger_1550_sink.smt2,CVC4,0.004240899999999999
/data/SMT-LIB-non-incremental/QF_S/2019-Jiang/slog/slog_stranger_2009_sink.smt2,CVC4,0.004225
/data/SMT-LIB-non-incremental/QF_S/2019-Jiang/slog/slog_stranger_459_sink.smt2,CVC4,0.004217800000000001
/data/SMT-LIB-non-incremental/QF_S/2019-Jiang/slog/slog_stranger_1560_sink.smt2,CVC4,0.004205
/data/SMT-LIB-non-incremental/QF_S/2019-Jiang/slog/slog_stranger_212_sink.smt2,CVC4,0.004205
/data/SMT-LIB-non-incremental/QF_S/2019-Jiang/slog/slog_stranger_1997_sink.smt2,CVC4,0.00418
/data/SMT-LIB-non-incremental/QF_S/2019-Jiang/slog/slog_stranger_891_sink.smt2,CVC4,0.0041732
/data/SMT-LIB-non-incremental/QF_S/2019-Jiang/slog/slog_stranger_2093_sink.smt2,CVC4,0.004164020000000001
/data/SMT-LIB-non-incremental/QF_S/2019-Jiang/slog/slog_stranger_1527_sink.smt2,CVC4,0.0041600000000000005
/data/SMT-LIB-non-incremental/QF_S/2019-Jiang/slog/slog_stranger_433_sink.smt2,CVC4,0.004148000000000001
/data/SMT-LIB-non-incremental/QF_S/2019-Jiang/slog/slog_stranger_1009_sink.smt2,CVC4,0.0041469
/data/SMT-LIB-non-incremental/QF_S/2019-Jiang/slog/slog_stranger_768_sink.smt2,CVC4,0.00414
/data/SMT-LIB-non-incremental/QF_S/2019-Jiang/slog/slog_stranger_2228_sink.smt2,CVC4,0.004132799999999999
/data/SMT-LIB-non-incremental/QF_S/2019-Jiang/slog/slog_stranger_1094_sink.smt2,CVC4,0.0041291
/data/SMT-LIB-non-incremental/QF_S/2019-Jiang/slog/slog_stranger_890_sink.smt2,CVC4,0.0041279
/data/SMT-LIB-non-incremental/QF_S/2019-Jiang/slog/slog_stranger_2497_sink.smt2,CVC4,0.004117009999999999
/data/SMT-LIB-non-incremental/QF_S/2019-Jiang/slog/slog_stranger_2162_sink.smt2,CVC4,0.004116100000000001
/data/SMT-LIB-non-incremental/QF_S/2019-Jiang/slog/slog_stranger_2793_sink.smt2,CVC4,0.0040982
/data/SMT-LIB-non-incremental/QF_S/2019-Jiang/slog/slog_stranger_1422_sink.smt2,CVC4,0.004096969999999998
/data/SMT-LIB-non-incremental/QF_S/2019-Jiang/slog/slog_stranger_2032_sink.smt2,CVC4,0.0040719
/data/SMT-LIB-non-incremental/QF_S/2019-Jiang/slog/slog_stranger_1452_sink.smt2,CVC4,0.004058899999999999
/data/SMT-LIB-non-incremental/QF_S/2019-Jiang/slog/slog_stranger_2682_sink.smt2,CVC4,0.004019189999999999
/data/SMT-LIB-non-incremental/QF_S/2019-Jiang/slog/slog_stranger_2189_sink.smt2,CVC4,0.0040181
/data/SMT-LIB-non-incremental/QF_S/2019-Jiang/slog/slog_stranger_192_sink.smt2,CVC4,0.004008999999999999
/data/SMT-LIB-non-incremental/QF_S/2019-Jiang/slog/slog_stranger_1491_sink.smt2,CVC4,0.003972099999999999
/data/SMT-LIB-non-incremental/QF_S/2019-Jiang/slog/slog_stranger_1954_sink.smt2,CVC4,0.003969800000000001
/data/SMT-LIB-non-incremental/QF_S/2019-Jiang/slog/slog_stranger_2408_sink.smt2,CVC4,0.003969
/data/SMT-LIB-non-incremental/QF_S/2019-Jiang/slog/slog_stranger_1136_sink.smt2,CVC4,0.003955
/data/SMT-LIB-non-incremental/QF_S/2019-Jiang/slog/slog_stranger_2172_sink.smt2,CVC4,0.003915
/data/SMT-LIB-non-incremental/QF_S/2019-Jiang/slog/slog_stranger_548_sink.smt2,CVC4,0.003900899999999999
/data/SMT-LIB-non-incremental/QF_S/2019-Jiang/slog/slog_stranger_1333_sink.smt2,CVC4,0.0038969
/data/SMT-LIB-non-incremental/QF_S/2019-Jiang/slog/slog_stranger_329_sink.smt2,CVC4,0.003889
/data/SMT-LIB-non-incremental/QF_S/2019-Jiang/slog/slog_stranger_1934_sink.smt2,CVC4,0.0038702000000000007
/data/SMT-LIB-non-incremental/QF_S/2019-Jiang/slog/slog_stranger_1570_sink.smt2,CVC4,0.0038560999999999995
/data/SMT-LIB-non-incremental/QF_S/2019-Jiang/slog/slog_stranger_1008_sink.smt2,CVC4,0.0038490999999999994
/data/SMT-LIB-non-incremental/QF_S/2019-Jiang/slog/slog_stranger_2431_sink.smt2,CVC4,0.0038469999999999997
/data/SMT-LIB-non-incremental/QF_S/2019-Jiang/slog/slog_stranger_1411_sink.smt2,CVC4,0.00379701
/data/SMT-LIB-non-incremental/QF_S/2019-Jiang/slog/slog_stranger_1420_sink.smt2,CVC4,0.003796899999999999
/data/SMT-LIB-non-incremental/QF_S/2019-Jiang/slog/slog_stranger_2016_sink.smt2,CVC4,0.0037619999999999997
/data/SMT-LIB-non-incremental/QF_S/2019-Jiang/slog/slog_stranger_1979_sink.smt2,CVC4,0.003752799999999999
/data/SMT-LIB-non-incremental/QF_S/2019-Jiang/slog/slog_stranger_831_sink.smt2,CVC4,0.0037349999999999987
/data/SMT-LIB-non-incremental/QF_S/2019-Jiang/slog/slog_stranger_1475_sink.smt2,CVC4,0.0037341000000000006
/data/SMT-LIB-non-incremental/QF_S/2019-Jiang/slog/slog_stranger_2184_sink.smt2,CVC4,0.0037168999999999987
/data/SMT-LIB-non-incremental/QF_S/2019-Jiang/slog/slog_stranger_5418_sink.smt2,CVC4,0.0037099000000000004
/data/SMT-LIB-non-incremental/QF_S/2019-Jiang/slog/slog_stranger_2760_sink.smt2,CVC4,0.003705100000000001
/data/SMT-LIB-non-incremental/QF_S/2019-Jiang/slog/slog_stranger_760_sink.smt2,CVC4,0.0037028999999999986
/data/SMT-LIB-non-incremental/QF_S/2019-Jiang/slog/slog_stranger_1862_sink.smt2,CVC4,0.003699000000000001
/data/SMT-LIB-non-incremental/QF_S/2019-Jiang/slog/slog_stranger_2000_sink.smt2,CVC4,0.0036939
/data/SMT-LIB-non-incremental/QF_S/2019-Jiang/slog/slog_stranger_2387_sink.smt2,CVC4,0.0036831
/data/SMT-LIB-non-incremental/QF_S/2019-Jiang/slog/slog_stranger_395_sink.smt2,CVC4,0.003679199999999999
/data/SMT-LIB-non-incremental/QF_S/2019-Jiang/slog/slog_stranger_604_sink.smt2,CVC4,0.0036759999999999987
/data/SMT-LIB-non-incremental/QF_S/2019-Jiang/slog/slog_stranger_1297_sink.smt2,CVC4,0.003674
/data/SMT-LIB-non-incremental/QF_S/2019-Jiang/slog/slog_stranger_2733_sink.smt2,CVC4,0.003645800000000001
/data/SMT-LIB-non-incremental/QF_S/2019-Jiang/slog/slog_stranger_2537_sink.smt2,CVC4,0.0036422
/data/SMT-LIB-non-incremental/QF_S/2019-Jiang/slog/slog_stranger_1045_sink.smt2,CVC4,0.0036258999999999996
/data/SMT-LIB-non-incremental/QF_S/2019-Jiang/slog/slog_stranger_1348_sink.smt2,CVC4,0.003623099999999999
/data/SMT-LIB-non-incremental/QF_S/2019-Jiang/slog/slog_stranger_232_sink.smt2,CVC4,0.0036229
/data/SMT-LIB-non-incremental/QF_S/2019-Jiang/slog/slog_stranger_1143_sink.smt2,CVC4,0.0036048999999999994
/data/SMT-LIB-non-incremental/QF_S/2019-Jiang/slog/slog_stranger_2411_sink.smt2,CVC4,0.0035738999999999996
/data/SMT-LIB-non-incremental/QF_S/2019-Jiang/slog/slog_stranger_2425_sink.smt2,CVC4,0.0035709999999999995
/data/SMT-LIB-non-incremental/QF_S/2019-Jiang/slog/slog_stranger_428_sink.smt2,CVC4,0.0035528999999999995
/data/SMT-LIB-non-incremental/QF_S/2019-Jiang/slog/slog_stranger_2749_sink.smt2,CVC4,0.003547
/data/SMT-LIB-non-incremental/QF_S/2019-Jiang/slog/slog_stranger_1928_sink.smt2,CVC4,0.0035429999999999993
/data/SMT-LIB-non-incremental/QF_S/2019-Jiang/slog/slog_stranger_1596_sink.smt2,CVC4,0.0035239999999999994
/data/SMT-LIB-non-incremental/QF_S/2019-Jiang/slog/slog_stranger_1526_sink.smt2,CVC4,0.003495
/data/SMT-LIB-non-incremental/QF_S/2019-Jiang/slog/slog_stranger_2775_sink.smt2,CVC4,0.0034789
/data/SMT-LIB-non-incremental/QF_S/2019-Jiang/slog/slog_stranger_1204_sink.smt2,CVC4,0.0034660000000000003
/data/SMT-LIB-non-incremental/QF_S/2019-Jiang/slog/slog_stranger_1995_sink.smt2,CVC4,0.0034649000000000017
/data/SMT-LIB-non-incremental/QF_S/2019-Jiang/slog/slog_stranger_772_sink.smt2,CVC4,0.003460099999999999
/data/SMT-LIB-non-incremental/QF_S/2019-Jiang/slog/slog_stranger_1193_sink.smt2,CVC4,0.0034449999999999984
/data/SMT-LIB-non-incremental/QF_S/2019-Jiang/slog/slog_stranger_868_sink.smt2,CVC4,0.003436999999999999
/data/SMT-LIB-non-incremental/QF_S/2019-Jiang/slog/slog_stranger_640_sink.smt2,CVC4,0.0034351999999999994
/data/SMT-LIB-non-incremental/QF_S/2019-Jiang/slog/slog_stranger_1029_sink.smt2,CVC4,0.0034301999999999996
/data/SMT-LIB-non-incremental/QF_S/2019-Jiang/slog/slog_stranger_2538_sink.smt2,CVC4,0.0034250999999999986
/data/SMT-LIB-non-incremental/QF_S/2019-Jiang/slog/slog_stranger_410_sink.smt2,CVC4,0.0034149000000000002
/data/SMT-LIB-non-incremental/QF_S/2019-Jiang/slog/slog_stranger_1548_sink.smt2,CVC4,0.0033968999999999996
/data/SMT-LIB-non-incremental/QF_S/2019-Jiang/slog/slog_stranger_636_sink.smt2,CVC4,0.0033930999999999996
/data/SMT-LIB-non-incremental/QF_S/2019-Jiang/slog/slog_stranger_159_sink.smt2,CVC4,0.003392899999999999
/data/SMT-LIB-non-incremental/QF_S/2019-Jiang/slog/slog_stranger_2374_sink.smt2,CVC4,0.003363999999999999
/data/SMT-LIB-non-incremental/QF_S/2019-Jiang/slog/slog_stranger_2211_sink.smt2,CVC4,0.0033457999999999995
/data/SMT-LIB-non-incremental/QF_S/2019-Jiang/slog/slog_stranger_818_sink.smt2,CVC4,0.0033410000000000002
/data/SMT-LIB-non-incremental/QF_S/2019-Jiang/slog/slog_stranger_2578_sink.smt2,CVC4,0.0033339000000000008
/data/SMT-LIB-non-incremental/QF_S/2019-Jiang/slog/slog_stranger_1706_sink.smt2,CVC4,0.003325
/data/SMT-LIB-non-incremental/QF_S/2019-Jiang/slog/slog_stranger_1413_sink.smt2,CVC4,0.0033118
/data/SMT-LIB-non-incremental/QF_S/2019-Jiang/slog/slog_stranger_2342_sink.smt2,CVC4,0.003306100000000001
/data/SMT-LIB-non-incremental/QF_S/2019-Jiang/slog/slog_stranger_2089_sink.smt2,CVC4,0.0032969
/data/SMT-LIB-non-incremental/QF_S/2019-Jiang/slog/slog_stranger_1843_sink.smt2,CVC4,0.0032889999999999985
/data/SMT-LIB-non-incremental/QF_S/2019-Jiang/slog/slog_stranger_1911_sink.smt2,CVC4,0.0032852000000000003
/data/SMT-LIB-non-incremental/QF_S/2019-Jiang/slog/slog_stranger_1745_sink.smt2,CVC4,0.0032718
/data/SMT-LIB-non-incremental/QF_S/2019-Jiang/slog/slog_stranger_2517_sink.smt2,CVC4,0.003254100000000001
/data/SMT-LIB-non-incremental/QF_S/2019-Jiang/slog/slog_stranger_5427_sink.smt2,CVC4,0.003224900000000001
/data/SMT-LIB-non-incremental/QF_S/2019-Jiang/slog/slog_stranger_2762_sink.smt2,CVC4,0.0032221000000000003
/data/SMT-LIB-non-incremental/QF_S/2019-Jiang/slog/slog_stranger_230_sink.smt2,CVC4,0.0031859999999999996
/data/SMT-LIB-non-incremental/QF_S/2019-Jiang/slog/slog_stranger_306_sink.smt2,CVC4,0.0031812000000000003
/data/SMT-LIB-non-incremental/QF_S/2019-Jiang/slog/slog_stranger_2728_sink.smt2,CVC4,0.0031807999999999993
/data/SMT-LIB-non-incremental/QF_S/2019-Jiang/slog/slog_stranger_845_sink.smt2,CVC4,0.0031669999999999997
/data/SMT-LIB-non-incremental/QF_S/2019-Jiang/slog/slog_stranger_347_sink.smt2,CVC4,0.0031660000000000004
/data/SMT-LIB-non-incremental/QF_S/2019-Jiang/slog/slog_stranger_1041_sink.smt2,CVC4,0.0031452000000000008
/data/SMT-LIB-non-incremental/QF_S/2019-Jiang/slog/slog_stranger_2713_sink.smt2,CVC4,0.0031239000000000006
/data/SMT-LIB-non-incremental/QF_S/2019-Jiang/slog/slog_stranger_783_sink.smt2,CVC4,0.0031231999999999996
/data/SMT-LIB-non-incremental/QF_S/2019-Jiang/slog/slog_stranger_2655_sink.smt2,CVC4,0.003081799999999999
/data/SMT-LIB-non-incremental/QF_S/2019-Jiang/slog/slog_stranger_2385_sink.smt2,CVC4,0.003079199999999999
/data/SMT-LIB-non-incremental/QF_S/2019-Jiang/slog/slog_stranger_1447_sink.smt2,CVC4,0.0030699000000000004
/data/SMT-LIB-non-incremental/QF_S/2019-Jiang/slog/slog_stranger_1544_sink.smt2,CVC4,0.003065
/data/SMT-LIB-non-incremental/QF_S/2019-Jiang/slog/slog_stranger_1442_sink.smt2,CVC4,0.0030600999999999996
/data/SMT-LIB-non-incremental/QF_S/2019-Jiang/slog/slog_stranger_2502_sink.smt2,CVC4,0.0030600000000000002
/data/SMT-LIB-non-incremental/QF_S/2019-Jiang/slog/slog_stranger_1262_sink.smt2,CVC4,0.0030568
/data/SMT-LIB-non-incremental/QF_S/2019-Jiang/slog/slog_stranger_2673_sink.smt2,CVC4,0.003043800000000001
/data/SMT-LIB-non-incremental/QF_S/2019-Jiang/slog/slog_stranger_830_sink.smt2,CVC4,0.0029860000000000025
/data/SMT-LIB-non-incremental/QF_S/2019-Jiang/slog/slog_stranger_1327_sink.smt2,CVC4,0.002978999999999999
/data/SMT-LIB-non-incremental/QF_S/2019-Jiang/slog/slog_stranger_2073_sink.smt2,CVC4,0.0029782000000000003
/data/SMT-LIB-non-incremental/QF_S/2019-Jiang/slog/slog_stranger_1126_sink.smt2,CVC4,0.002959
/data/SMT-LIB-non-incremental/QF_S/2019-Jiang/slog/slog_stranger_1604_sink.smt2,CVC4,0.0029271
/data/SMT-LIB-non-incremental/QF_S/2019-Jiang/slog/slog_stranger_264_sink.smt2,CVC4,0.0029239999999999995
/data/SMT-LIB-non-incremental/QF_S/2019-Jiang/slog/slog_stranger_847_sink.smt2,CVC4,0.0029108999999999993
/data/SMT-LIB-non-incremental/QF_S/2019-Jiang/slog/slog_stranger_1224_sink.smt2,CVC4,0.002851000000000001
/data/SMT-LIB-non-incremental/QF_S/2019-Jiang/slog/slog_stranger_1559_sink.smt2,CVC4,0.0028418000000000002
/data/SMT-LIB-non-incremental/QF_S/2019-Jiang/slog/slog_stranger_3314_sink.smt2,CVC4,0.002824
/data/SMT-LIB-non-incremental/QF_S/2019-Jiang/slog/slog_stranger_663_sink.smt2,CVC4,0.0028199
/data/SMT-LIB-non-incremental/QF_S/2019-Jiang/slog/slog_stranger_5545_sink.smt2,CVC4,0.0027991000000000023
/data/SMT-LIB-non-incremental/QF_S/2019-Jiang/slog/slog_stranger_650_sink.smt2,CVC4,0.0027857999999999997
/data/SMT-LIB-non-incremental/QF_S/2019-Jiang/slog/slog_stranger_1649_sink.smt2,CVC4,0.0027819000000000003
/data/SMT-LIB-non-incremental/QF_S/2019-Jiang/slog/slog_stranger_2642_sink.smt2,CVC4,0.0027729999999999994
/data/SMT-LIB-non-incremental/QF_S/2019-Jiang/slog/slog_stranger_2386_sink.smt2,CVC4,0.002727199999999999
/data/SMT-LIB-non-incremental/QF_S/2019-Jiang/slog/slog_stranger_741_sink.smt2,CVC4,0.0027072000000000016
/data/SMT-LIB-non-incremental/QF_S/2019-Jiang/slog/slog_stranger_2232_sink.smt2,CVC4,0.002675900000000002
/data/SMT-LIB-non-incremental/QF_S/2019-Jiang/slog/slog_stranger_2475_sink.smt2,CVC4,0.002610000000000001
/data/SMT-LIB-non-incremental/QF_S/2019-Jiang/slog/slog_stranger_2771_sink.smt2,CVC4,0.0025909
/data/SMT-LIB-non-incremental/QF_S/2019-Jiang/slog/slog_stranger_1169_sink.smt2,CVC4,0.0025407999999999993
/data/SMT-LIB-non-incremental/QF_S/2019-Jiang/slog/slog_stranger_1142_sink.smt2,CVC4,0.0025310999999999997
/data/SMT-LIB-non-incremental/QF_S/2019-Jiang/slog/slog_stranger_2078_sink.smt2,CVC4,0.0025190000000000004
/data/SMT-LIB-non-incremental/QF_S/2019-Jiang/slog/slog_stranger_2679_sink.smt2,CVC4,0.002499099999999999
/data/SMT-LIB-non-incremental/QF_S/2019-Jiang/slog/slog_stranger_678_sink.smt2,CVC4,0.0024939999999999997
/data/SMT-LIB-non-incremental/QF_S/2019-Jiang/slog/slog_stranger_1741_sink.smt2,CVC4,0.0024740000000000005
/data/SMT-LIB-non-incremental/QF_S/2019-Jiang/slog/slog_stranger_1303_sink.smt2,CVC4,0.0024601000000000015
/data/SMT-LIB-non-incremental/QF_S/2019-Jiang/slog/slog_stranger_2445_sink.smt2,CVC4,0.0024488999999999986
/data/SMT-LIB-non-incremental/QF_S/2019-Jiang/slog/slog_stranger_1949_sink.smt2,CVC4,0.0024080000000000004
/data/SMT-LIB-non-incremental/QF_S/2019-Jiang/slog/slog_stranger_1944_sink.smt2,CVC4,0.002397
/data/SMT-LIB-non-incremental/QF_S/2019-Jiang/slog/slog_stranger_1372_sink.smt2,CVC4,0.0023910000000000008
/data/SMT-LIB-non-incremental/QF_S/2019-Jiang/slog/slog_stranger_1842_sink.smt2,CVC4,0.0023479999999999994
/data/SMT-LIB-non-incremental/QF_S/2019-Jiang/slog/slog_stranger_1538_sink.smt2,CVC4,0.0023458000000000003
/data/SMT-LIB-non-incremental/QF_S/2019-Jiang/slog/slog_stranger_305_sink.smt2,CVC4,0.0023350000000000003
/data/SMT-LIB-non-incremental/QF_S/2019-Jiang/slog/slog_stranger_4967_sink.smt2,CVC4,0.002333
/data/SMT-LIB-non-incremental/QF_S/2019-Jiang/slog/slog_stranger_1825_sink.smt2,CVC4,0.002330099999999998
/data/SMT-LIB-non-incremental/QF_S/2019-Jiang/slog/slog_stranger_2068_sink.smt2,CVC4,0.0022867999999999986
/data/SMT-LIB-non-incremental/QF_S/2019-Jiang/slog/slog_stranger_954_sink.smt2,CVC4,0.0022549000000000007
/data/SMT-LIB-non-incremental/QF_S/2019-Jiang/slog/slog_stranger_2100_sink.smt2,CVC4,0.002213099999999999
/data/SMT-LIB-non-incremental/QF_S/2019-Jiang/slog/slog_stranger_5521_sink.smt2,CVC4,0.002185099999999999
/data/SMT-LIB-non-incremental/QF_S/2019-Jiang/slog/slog_stranger_2216_sink.smt2,CVC4,0.0021221000000000018
/data/SMT-LIB-non-incremental/QF_S/2019-Jiang/slog/slog_stranger_2410_sink.smt2,CVC4,0.0021209
/data/SMT-LIB-non-incremental/QF_S/2019-Jiang/slog/slog_stranger_4548_sink.smt2,CVC4,0.0020890000000000006
/data/SMT-LIB-non-incremental/QF_S/2019-Jiang/slog/slog_stranger_4971_sink.smt2,CVC4,0.0020811000000000007
/data/SMT-LIB-non-incremental/QF_S/2019-Jiang/slog/slog_stranger_2718_sink.smt2,CVC4,0.002072899999999999
/data/SMT-LIB-non-incremental/QF_S/2019-Jiang/slog/slog_stranger_882_sink.smt2,CVC4,0.0020622
/data/SMT-LIB-non-incremental/QF_S/2019-Jiang/slog/slog_stranger_405_sink.smt2,CVC4,0.0020440000000000007
/data/SMT-LIB-non-incremental/QF_S/2019-Jiang/slog/slog_stranger_1919_sink.smt2,CVC4,0.0020101000000000008
/data/SMT-LIB-non-incremental/QF_S/2019-Jiang/slog/slog_stranger_2525_sink.smt2,CVC4,0.001995900000000002
/data/SMT-LIB-non-incremental/QF_S/2019-Jiang/slog/slog_stranger_2041_sink.smt2,CVC4,0.0019828999999999992
/data/SMT-LIB-non-incremental/QF_S/2019-Jiang/slog/slog_stranger_2109_sink.smt2,CVC4,0.0019758000000000015
/data/SMT-LIB-non-incremental/QF_S/2019-Jiang/slog/slog_stranger_1441_sink.smt2,CVC4,0.0019471000000000002
/data/SMT-LIB-non-incremental/QF_S/2019-Jiang/slog/slog_stranger_1924_sink.smt2,CVC4,0.0019200999999999992
/data/SMT-LIB-non-incremental/QF_S/2019-Jiang/slog/slog_stranger_1957_sink.smt2,CVC4,0.0019121
/data/SMT-LIB-non-incremental/QF_S/2019-Jiang/slog/slog_stranger_2341_sink.smt2,CVC4,0.0018980999999999998
/data/SMT-LIB-non-incremental/QF_S/2019-Jiang/slog/slog_stranger_1796_sink.smt2,CVC4,0.0018840000000000003
/data/SMT-LIB-non-incremental/QF_S/2019-Jiang/slog/slog_stranger_202_sink.smt2,CVC4,0.0018780000000000012
/data/SMT-LIB-non-incremental/QF_S/2019-Jiang/slog/slog_stranger_2568_sink.smt2,CVC4,0.0018659999999999996
/data/SMT-LIB-non-incremental/QF_S/2019-Jiang/slog/slog_stranger_585_sink.smt2,CVC4,0.0018229000000000006
/data/SMT-LIB-non-incremental/QF_S/2019-Jiang/slog/slog_stranger_2766_sink.smt2,CVC4,0.001736099999999999
/data/SMT-LIB-non-incremental/QF_S/2019-Jiang/slog/slog_stranger_1806_sink.smt2,CVC4,0.0016907999999999992
/data/SMT-LIB-non-incremental/QF_S/2019-Jiang/slog/slog_stranger_628_sink.smt2,CVC4,0.0016770000000000014
/data/SMT-LIB-non-incremental/QF_S/2019-Jiang/slog/slog_stranger_2626_sink.smt2,CVC4,0.0016700000000000013
/data/SMT-LIB-non-incremental/QF_S/2019-Jiang/slog/slog_stranger_1449_sink.smt2,CVC4,0.0016608999999999999
/data/SMT-LIB-non-incremental/QF_S/2019-Jiang/slog/slog_stranger_2687_sink.smt2,CVC4,0.0016469000000000015
/data/SMT-LIB-non-incremental/QF_S/2019-Jiang/slog/slog_stranger_1903_sink.smt2,CVC4,0.0015562000000000006
/data/SMT-LIB-non-incremental/QF_S/2019-Jiang/slog/slog_stranger_4049_sink.smt2,CVC4,0.0015309000000000017
/data/SMT-LIB-non-incremental/QF_S/2019-Jiang/slog/slog_stranger_1129_sink.smt2,CVC4,0.0014920999999999997
/data/SMT-LIB-non-incremental/QF_S/2019-Jiang/slog/slog_stranger_867_sink.smt2,CVC4,0.0014850000000000002
/data/SMT-LIB-non-incremental/QF_S/2019-Jiang/slog/slog_stranger_1797_sink.smt2,CVC4,0.0014460999999999988
/data/SMT-LIB-non-incremental/QF_S/2019-Jiang/slog/slog_stranger_1871_sink.smt2,CVC4,0.0013989999999999992
/data/SMT-LIB-non-incremental/QF_S/2019-Jiang/slog/slog_stranger_892_sink.smt2,CVC4,0.0013080000000000001
/data/SMT-LIB-non-incremental/QF_S/2019-Jiang/slog/slog_stranger_1864_sink.smt2,CVC4,0.0012329999999999997
/data/SMT-LIB-non-incremental/QF_S/2019-Jiang/slog/slog_stranger_1664_sink.smt2,CVC4,0.0012179999999999986
/data/SMT-LIB-non-incremental/QF_S/2019-Jiang/slog/slog_stranger_187_sink.smt2,CVC4,0.0012131
/data/SMT-LIB-non-incremental/QF_S/2019-Jiang/slog/slog_stranger_402_sink.smt2,CVC4,0.0011839000000000016
/data/SMT-LIB-non-incremental/QF_S/2019-Jiang/slog/slog_stranger_866_sink.smt2,CVC4,0.0011438999999999998
/data/SMT-LIB-non-incremental/QF_S/2019-Jiang/slog/slog_stranger_2782_sink.smt2,CVC4,0.0011398000000000016
/data/SMT-LIB-non-incremental/QF_S/2019-Jiang/slog/slog_stranger_2035_sink.smt2,CVC4,0.0009739999999999992
/data/SMT-LIB-non-incremental/QF_S/2019-Jiang/slog/slog_stranger_877_sink.smt2,CVC4,0.0009409999999999991
/data/SMT-LIB-non-incremental/QF_S/2019-Jiang/slog/slog_stranger_1886_sink.smt2,CVC4,0.0008872000000000012
/data/SMT-LIB-non-incremental/QF_S/2019-Jiang/slog/slog_stranger_1393_sink.smt2,CVC4,0.0007828999999999996
/data/SMT-LIB-non-incremental/QF_S/2019-Jiang/slog/slog_stranger_2428_sink.smt2,CVC4,0.0007451000000000003
/data/SMT-LIB-non-incremental/QF_S/2019-Jiang/slog/slog_stranger_2008_sink.smt2,CVC4,0.0007229000000000003
/data/SMT-LIB-non-incremental/QF_S/2019-Jiang/slog/slog_stranger_1061_sink.smt2,CVC4,0.0007171
/data/SMT-LIB-non-incremental/QF_S/2019-Jiang/slog/slog_stranger_698_sink.smt2,CVC4,0.0006601000000000003
/data/SMT-LIB-non-incremental/QF_S/2019-Jiang/slog/slog_stranger_2851_sink.smt2,CVC4,0.0006367999999999999
/data/SMT-LIB-non-incremental/QF_S/2019-Jiang/slog/slog_stranger_739_sink.smt2,CVC4,0.0006299999999999986
/data/SMT-LIB-non-incremental/QF_S/2019-Jiang/slog/slog_stranger_265_sink.smt2,CVC4,0.0006270000000000008
/data/SMT-LIB-non-incremental/QF_S/2019-Jiang/slog/slog_stranger_763_sink.smt2,CVC4,0.0006201000000000002
/data/SMT-LIB-non-incremental/QF_S/2019-Jiang/slog/slog_stranger_1271_sink.smt2,CVC4,0.0005802000000000012
/data/SMT-LIB-non-incremental/QF_S/2019-Jiang/slog/slog_stranger_1587_sink.smt2,CVC4,0.0005670000000000015
/data/SMT-LIB-non-incremental/QF_S/2019-Jiang/slog/slog_stranger_5429_sink.smt2,CVC4,0.0005549999999999999
/data/SMT-LIB-non-incremental/QF_S/2019-Jiang/slog/slog_stranger_2723_sink.smt2,CVC4,0.0004971000000000003
/data/SMT-LIB-non-incremental/QF_S/2019-Jiang/slog/slog_stranger_2768_sink.smt2,CVC4,0.00045990000000000093
/data/SMT-LIB-non-incremental/QF_S/2019-Jiang/slog/slog_stranger_646_sink.smt2,CVC4,0.0004442000000000005
/data/SMT-LIB-non-incremental/QF_S/2019-Jiang/slog/slog_stranger_2812_sink.smt2,CVC4,0.00043900000000000015
/data/SMT-LIB-non-incremental/QF_S/2019-Jiang/slog/slog_stranger_1677_sink.smt2,CVC4,0.0004029000000000012
/data/SMT-LIB-non-incremental/QF_S/2019-Jiang/slog/slog_stranger_622_sink.smt2,CVC4,0.00025110000000000063
/data/SMT-LIB-non-incremental/QF_S/2019-Jiang/slog/slog_stranger_1430_sink.smt2,CVC4,0.0002009999999999998
/data/SMT-LIB-non-incremental/QF_S/2019-Jiang/slog/slog_stranger_2251_sink.smt2,CVC4,0.00018899999999999993
/data/SMT-LIB-non-incremental/QF_S/2019-Jiang/slog/slog_stranger_2227_sink.smt2,CVC4,0.00018180000000000106
/data/SMT-LIB-non-incremental/QF_S/2019-Jiang/slog/slog_stranger_517_sink.smt2,CVC4,0.00015390000000000022
/data/SMT-LIB-non-incremental/QF_S/2019-Jiang/slog/slog_stranger_1403_sink.smt2,CVC4,0.00015299999999999862
/data/SMT-LIB-non-incremental/QF_S/2019-Jiang/slog/slog_stranger_1529_sink.smt2,CVC4,0.00011499999999999878
/data/SMT-LIB-non-incremental/QF_S/2019-Jiang/slog/slog_stranger_2400_sink.smt2,CVC4,9.490000000000019e-05
/data/SMT-LIB-non-incremental/QF_S/2019-Jiang/slog/slog_stranger_378_sink.smt2,CVC4,5.789999999999962e-05
/data/SMT-LIB-non-incremental/QF_S/2019-Jiang/slog/slog_stranger_2103_sink.smt2,CVC4,0.0
/data/SMT-LIB-non-incremental/QF_S/2019-Jiang/slog/slog_stranger_855_sink.smt2,CVC4,0.0
/data/SMT-LIB-non-incremental/QF_S/2019-Jiang/slog/slog_stranger_1058_sink.smt2,CVC4,0.0
/data/SMT-LIB-non-incremental/QF_S/2020-sygus-qgen/queries/query3444.smt2,CVC4,0.0
/data/SMT-LIB-non-incremental/QF_S/2019-Jiang/slog/slog_stranger_1977_sink.smt2,CVC4,0.0
/data/SMT-LIB-non-incremental/QF_S/2019-Jiang/slog/slog_stranger_3073_sink.smt2,CVC4,0.0
/data/SMT-LIB-non-incremental/QF_S/2019-Jiang/slog/slog_stranger_5336_sink.smt2,CVC4,0.0
/data/SMT-LIB-non-incremental/QF_S/2019-Jiang/slog/slog_stranger_353_sink.smt2,CVC4,0.0
/data/SMT-LIB-non-incremental/QF_S/2019-Jiang/slog/slog_stranger_2108_sink.smt2,CVC4,0.0
/data/SMT-LIB-non-incremental/QF_S/2019-Jiang/slog/slog_stranger_1464_sink.smt2,CVC4,0.0
/data/SMT-LIB-non-incremental/QF_S/2019-Jiang/slog/slog_stranger_5229_sink.smt2,CVC4,0.0
/data/SMT-LIB-non-incremental/QF_S/2019-Jiang/slog/slog_stranger_965_sink.smt2,CVC4,0.0
/data/SMT-LIB-non-incremental/QF_S/2019-Jiang/slog/slog_stranger_5030_sink.smt2,CVC4,0.0
/data/SMT-LIB-non-incremental/QF_S/2019-Jiang/slog/slog_stranger_39_sink.smt2,CVC4,0.0
/data/SMT-LIB-non-incremental/QF_S/2019-Jiang/slog/slog_stranger_2249_sink.smt2,CVC4,0.0
/data/SMT-LIB-non-incremental/QF_S/2019-Jiang/slog/slog_stranger_2750_sink.smt2,CVC4,0.0
/data/SMT-LIB-non-incremental/QF_S/2019-Jiang/slog/slog_stranger_2135_sink.smt2,CVC4,0.0
/data/SMT-LIB-non-incremental/QF_S/2019-Jiang/slog/slog_stranger_1003_sink.smt2,CVC4,0.0
/data/SMT-LIB-non-incremental/QF_S/2019-Jiang/slog/slog_stranger_1648_sink.smt2,CVC4,0.0
/data/SMT-LIB-non-incremental/QF_S/2019-Jiang/slog/slog_stranger_149_sink.smt2,CVC4,0.0
/data/SMT-LIB-non-incremental/QF_S/2019-Jiang/slog/slog_stranger_2117_sink.smt2,CVC4,0.0
/data/SMT-LIB-non-incremental/QF_S/2019-Jiang/slog/slog_stranger_1584_sink.smt2,CVC4,0.0
/data/SMT-LIB-non-incremental/QF_S/2019-Jiang/slog/slog_stranger_3519_sink.smt2,CVC4,0.0
/data/SMT-LIB-non-incremental/QF_S/2019-Jiang/slog/slog_stranger_5329_sink.smt2,CVC4,0.0
/data/SMT-LIB-non-incremental/QF_S/2019-Jiang/slog/slog_stranger_3523_sink.smt2,CVC4,0.0
/data/SMT-LIB-non-incremental/QF_S/2019-Jiang/slog/slog_stranger_2107_sink.smt2,CVC4,0.0
/data/SMT-LIB-non-incremental/QF_S/2019-Jiang/slog/slog_stranger_4426_sink.smt2,CVC4,0.0
/data/SMT-LIB-non-incremental/QF_S/2019-Jiang/slog/slog_stranger_774_sink.smt2,CVC4,0.0
/data/SMT-LIB-non-incremental/QF_S/2019-Jiang/slog/slog_stranger_245_sink.smt2,CVC4,0.0
/data/SMT-LIB-non-incremental/QF_S/2019-Jiang/slog/slog_stranger_2255_sink.smt2,CVC4,0.0
/data/SMT-LIB-non-incremental/QF_S/2019-Jiang/slog/slog_stranger_4367_sink.smt2,CVC4,0.0
/data/SMT-LIB-non-incremental/QF_S/2019-Jiang/slog/slog_stranger_5045_sink.smt2,CVC4,0.0
/data/SMT-LIB-non-incremental/QF_S/2019-Jiang/slog/slog_stranger_5291_sink.smt2,CVC4,0.0
/data/SMT-LIB-non-incremental/QF_S/2019-Jiang/slog/slog_stranger_2229_sink.smt2,CVC4,0.0
/data/SMT-LIB-non-incremental/QF_S/2019-Jiang/slog/slog_stranger_1147_sink.smt2,CVC4,0.0
/data/SMT-LIB-non-incremental/QF_S/2019-Jiang/slog/slog_stranger_3476_sink.smt2,CVC4,0.0
/data/SMT-LIB-non-incremental/QF_S/2019-Jiang/slog/slog_stranger_2792_sink.smt2,CVC4,0.0
/data/SMT-LIB-non-incremental/QF_S/2019-Jiang/slog/slog_stranger_2779_sink.smt2,CVC4,0.0
/data/SMT-LIB-non-incremental/QF_S/2019-Jiang/slog/slog_stranger_534_sink.smt2,CVC4,0.0
/data/SMT-LIB-non-incremental/QF_S/2019-Jiang/slog/slog_stranger_3089_sink.smt2,CVC4,0.0
/data/SMT-LIB-non-incremental/QF_S/2019-Jiang/slog/slog_stranger_2634_sink.smt2,CVC4,0.0
/data/SMT-LIB-non-incremental/QF_S/2019-Jiang/slog/slog_stranger_654_sink.smt2,CVC4,0.0
/data/SMT-LIB-non-incremental/QF_S/2020-sygus-qgen/queries-no-ree/query3487.smt2,CVC4,0.0
/data/SMT-LIB-non-incremental/QF_S/2019-Jiang/slog/slog_stranger_1234_sink.smt2,CVC4,0.0
/data/SMT-LIB-non-incremental/QF_S/2020-sygus-qgen/queries-no-ree/query4673.smt2,CVC4,0.0
/data/SMT-LIB-non-incremental/QF_S/2020-sygus-qgen/queries-no-ree/query3591.smt2,CVC4,0.0
/data/SMT-LIB-non-incremental/QF_S/2019-Jiang/slog/slog_stranger_797_sink.smt2,CVC4,0.0
/data/SMT-LIB-non-incremental/QF_S/2019-Jiang/slog/slog_stranger_1684_sink.smt2,CVC4,0.0
/data/SMT-LIB-non-incremental/QF_S/2019-Jiang/slog/slog_stranger_586_sink.smt2,CVC4,0.0
/data/SMT-LIB-non-incremental/QF_S/2019-Jiang/slog/slog_stranger_4716_sink.smt2,CVC4,0.0
/data/SMT-LIB-non-incremental/QF_S/2020-sygus-qgen/queries-no-ree/query5512.smt2,CVC4,0.0
/data/SMT-LIB-non-incremental/QF_S/2019-Jiang/slog/slog_stranger_798_sink.smt2,CVC4,0.0
/data/SMT-LIB-non-incremental/QF_S/2019-Jiang/slog/slog_stranger_1635_sink.smt2,CVC4,0.0
/data/SMT-LIB-non-incremental/QF_S/2019-Jiang/slog/slog_stranger_1562_sink.smt2,CVC4,0.0
/data/SMT-LIB-non-incremental/QF_S/2019-Jiang/slog/slog_stranger_532_sink.smt2,CVC4,0.0
/data/SMT-LIB-non-incremental/QF_S/2019-Jiang/slog/slog_stranger_2014_sink.smt2,CVC4,0.0
/data/SMT-LIB-non-incremental/QF_S/2019-Jiang/slog/slog_stranger_5026_sink.smt2,CVC4,0.0
/data/SMT-LIB-non-incremental/QF_S/2019-Jiang/slog/slog_stranger_3300_sink.smt2,CVC4,0.0
/data/SMT-LIB-non-incremental/QF_S/2020-sygus-qgen/queries-no-ree/query3450.smt2,CVC4,0.0
/data/SMT-LIB-non-incremental/QF_S/2020-sygus-qgen/queries/query3558.smt2,CVC4,0.0
/data/SMT-LIB-non-incremental/QF_S/2019-Jiang/slog/slog_stranger_38_sink.smt2,CVC4,0.0
/data/SMT-LIB-non-incremental/QF_S/2019-Jiang/slog/slog_stranger_4319_sink.smt2,CVC4,0.0
/data/SMT-LIB-non-incremental/QF_S/2019-Jiang/slog/slog_stranger_521_sink.smt2,CVC4,0.0
/data/SMT-LIB-non-incremental/QF_S/2019-Jiang/slog/slog_stranger_145_sink.smt2,CVC4,0.0
/data/SMT-LIB-non-incremental/QF_S/2020-sygus-qgen/queries/query6979.smt2,CVC4,0.0
/data/SMT-LIB-non-incremental/QF_S/2019-Jiang/slog/slog_stranger_2840_sink.smt2,CVC4,0.0
/data/SMT-LIB-non-incremental/QF_S/2019-Jiang/slog/slog_stranger_4394_sink.smt2,CVC4,0.0
/data/SMT-LIB-non-incremental/QF_S/2019-Jiang/slog/slog_stranger_2157_sink.smt2,CVC4,0.0
/data/SMT-LIB-non-incremental/QF_S/2019-Jiang/slog/slog_stranger_4828_sink.smt2,CVC4,0.0
/data/SMT-LIB-non-incremental/QF_S/2019-Jiang/slog/slog_stranger_4318_sink.smt2,CVC4,0.0
/data/SMT-LIB-non-incremental/QF_S/2019-Jiang/slog/slog_stranger_3351_sink.smt2,CVC4,0.0
/data/SMT-LIB-non-incremental/QF_S/2019-Jiang/slog/slog_stranger_5063_sink.smt2,CVC4,0.0
/data/SMT-LIB-non-incremental/QF_S/2019-Jiang/slog/slog_stranger_1257_sink.smt2,CVC4,0.0
/data/SMT-LIB-non-incremental/QF_S/2019-Jiang/slog/slog_stranger_1658_sink.smt2,CVC4,0.0
/data/SMT-LIB-non-incremental/QF_S/2019-Jiang/slog/slog_stranger_3977_sink.smt2,CVC4,0.0
/data/SMT-LIB-non-incremental/QF_S/2019-Jiang/slog/slog_stranger_3038_sink.smt2,CVC4,0.0
/data/SMT-LIB-non-incremental/QF_S/2019-Jiang/slog/slog_stranger_1377_sink.smt2,CVC4,0.0
/data/SMT-LIB-non-incremental/QF_S/2019-Jiang/slog/slog_stranger_4752_sink.smt2,CVC4,0.0
/data/SMT-LIB-non-incremental/QF_S/2019-Jiang/slog/slog_stranger_2160_sink.smt2,CVC4,0.0
/data/SMT-LIB-non-incremental/QF_S/2019-Jiang/slog/slog_stranger_1821_sink.smt2,CVC4,0.0
/data/SMT-LIB-non-incremental/QF_S/2019-Jiang/slog/slog_stranger_4514_sink.smt2,CVC4,0.0
/data/SMT-LIB-non-incremental/QF_S/2019-Jiang/slog/slog_stranger_2214_sink.smt2,CVC4,0.0
/data/SMT-LIB-non-incremental/QF_S/2019-Jiang/slog/slog_stranger_2471_sink.smt2,CVC4,0.0
/data/SMT-LIB-non-incremental/QF_S/2019-Jiang/slog/slog_stranger_2881_sink.smt2,CVC4,0.0
/data/SMT-LIB-non-incremental/QF_S/2019-Jiang/slog/slog_stranger_4099_sink.smt2,CVC4,0.0
/data/SMT-LIB-non-incremental/QF_S/2019-Jiang/slog/slog_stranger_1516_sink.smt2,CVC4,0.0
/data/SMT-LIB-non-incremental/QF_S/2019-Jiang/slog/slog_stranger_2615_sink.smt2,CVC4,0.0
/data/SMT-LIB-non-incremental/QF_S/2020-sygus-qgen/queries-no-ree/query3423.smt2,CVC4,0.0
/data/SMT-LIB-non-incremental/QF_S/2020-sygus-qgen/queries/query3474.smt2,CVC4,0.0
/data/SMT-LIB-non-incremental/QF_S/2019-Jiang/slog/slog_stranger_903_sink.smt2,CVC4,0.0
/data/SMT-LIB-non-incremental/QF_S/2019-Jiang/slog/slog_stranger_874_sink.smt2,CVC4,0.0
/data/SMT-LIB-non-incremental/QF_S/2020-sygus-qgen/queries/query3111.smt2,CVC4,0.0
/data/SMT-LIB-non-incremental/QF_S/2019-Jiang/slog/slog_stranger_1149_sink.smt2,CVC4,0.0
/data/SMT-LIB-non-incremental/QF_S/2019-Jiang/slog/slog_stranger_3052_sink.smt2,CVC4,0.0
/data/SMT-LIB-non-incremental/QF_S/2019-Jiang/slog/slog_stranger_321_sink.smt2,CVC4,0.0
/data/SMT-LIB-non-incremental/QF_S/2019-Jiang/slog/slog_stranger_2625_sink.smt2,CVC4,0.0
/data/SMT-LIB-non-incremental/QF_S/2019-Jiang/slog/slog_stranger_5086_sink.smt2,CVC4,0.0
/data/SMT-LIB-non-incremental/QF_S/2019-Jiang/slog/slog_stranger_3289_sink.smt2,CVC4,0.0
/data/SMT-LIB-non-incremental/QF_S/2019-Jiang/slog/slog_stranger_5235_sink.smt2,CVC4,0.0
/data/SMT-LIB-non-incremental/QF_S/2019-Jiang/slog/slog_stranger_1078_sink.smt2,CVC4,0.0
/data/SMT-LIB-non-incremental/QF_S/2019-Jiang/slog/slog_stranger_1160_sink.smt2,CVC4,0.0
/data/SMT-LIB-non-incremental/QF_S/2019-Jiang/slog/slog_stranger_4900_sink.smt2,CVC4,0.0
/data/SMT-LIB-non-incremental/QF_S/2019-Jiang/slog/slog_stranger_5041_sink.smt2,CVC4,0.0
/data/SMT-LIB-non-incremental/QF_S/2019-Jiang/slog/slog_stranger_4350_sink.smt2,CVC4,0.0
/data/SMT-LIB-non-incremental/QF_S/2019-Jiang/slog/slog_stranger_4118_sink.smt2,CVC4,0.0
/data/SMT-LIB-non-incremental/QF_S/2020-sygus-qgen/queries/query3310.smt2,CVC4,0.0
/data/SMT-LIB-non-incremental/QF_S/2019-Jiang/slog/slog_stranger_885_sink.smt2,CVC4,0.0
/data/SMT-LIB-non-incremental/QF_S/2020-sygus-qgen/queries/query5742.smt2,CVC4,0.0
/data/SMT-LIB-non-incremental/QF_S/2019-Jiang/slog/slog_stranger_2614_sink.smt2,CVC4,0.0
/data/SMT-LIB-non-incremental/QF_S/2019-Jiang/slog/slog_stranger_5233_sink.smt2,CVC4,0.0
/data/SMT-LIB-non-incremental/QF_S/2019-Jiang/slog/slog_stranger_3191_sink.smt2,CVC4,0.0
/data/SMT-LIB-non-incremental/QF_S/2019-Jiang/slog/slog_stranger_1718_sink.smt2,CVC4,0.0
/data/SMT-LIB-non-incremental/QF_S/2019-Jiang/slog/slog_stranger_4766_sink.smt2,CVC4,0.0
/data/SMT-LIB-non-incremental/QF_S/2019-Jiang/slog/slog_stranger_300_sink.smt2,CVC4,0.0
/data/SMT-LIB-non-incremental/QF_S/2019-Jiang/slog/slog_stranger_4158_sink.smt2,CVC4,0.0
/data/SMT-LIB-non-incremental/QF_S/2019-Jiang/slog/slog_stranger_3407_sink.smt2,CVC4,0.0
/data/SMT-LIB-non-incremental/QF_S/2019-Jiang/slog/slog_stranger_3159_sink.smt2,CVC4,0.0
/data/SMT-LIB-non-incremental/QF_S/2019-Jiang/slog/slog_stranger_1565_sink.smt2,CVC4,0.0
/data/SMT-LIB-non-incremental/QF_S/2019-Jiang/slog/slog_stranger_3703_sink.smt2,CVC4,0.0
/data/SMT-LIB-non-incremental/QF_S/2019-Jiang/slog/slog_stranger_2970_sink.smt2,CVC4,0.0
/data/SMT-LIB-non-incremental/QF_S/2019-Jiang/slog/slog_stranger_849_sink.smt2,CVC4,0.0
/data/SMT-LIB-non-incremental/QF_S/2019-Jiang/slog/slog_stranger_508_sink.smt2,CVC4,0.0
/data/SMT-LIB-non-incremental/QF_S/2019-Jiang/slog/slog_stranger_4602_sink.smt2,CVC4,0.0
/data/SMT-LIB-non-incremental/QF_S/2019-Jiang/slog/slog_stranger_3830_sink.smt2,CVC4,0.0
/data/SMT-LIB-non-incremental/QF_S/2019-Jiang/slog/slog_stranger_5553_sink.smt2,CVC4,0.0
/data/SMT-LIB-non-incremental/QF_S/2020-sygus-qgen/queries/query5599.smt2,CVC4,0.0
/data/SMT-LIB-non-incremental/QF_S/2020-sygus-qgen/queries-no-ree/query3111.smt2,CVC4,0.0
/data/SMT-LIB-non-incremental/QF_S/2019-Jiang/slog/slog_stranger_2744_sink.smt2,CVC4,0.0
/data/SMT-LIB-non-incremental/QF_S/2020-sygus-qgen/queries-no-ree/query3449.smt2,CVC4,0.0
/data/SMT-LIB-non-incremental/QF_S/2019-Jiang/slog/slog_stranger_899_sink.smt2,CVC4,0.0
/data/SMT-LIB-non-incremental/QF_S/2019-Jiang/slog/slog_stranger_2391_sink.smt2,CVC4,0.0
/data/SMT-LIB-non-incremental/QF_S/2019-Jiang/slog/slog_stranger_4146_sink.smt2,CVC4,0.0
/data/SMT-LIB-non-incremental/QF_S/2019-Jiang/slog/slog_stranger_3406_sink.smt2,CVC4,0.0
/data/SMT-LIB-non-incremental/QF_S/2019-Jiang/slog/slog_stranger_2735_sink.smt2,CVC4,0.0
/data/SMT-LIB-non-incremental/QF_S/2019-Jiang/slog/slog_stranger_4256_sink.smt2,CVC4,0.0
/data/SMT-LIB-non-incremental/QF_S/2019-Jiang/slog/slog_stranger_3699_sink.smt2,CVC4,0.0
/data/SMT-LIB-non-incremental/QF_S/2019-Jiang/slog/slog_stranger_5134_sink.smt2,CVC4,0.0
/data/SMT-LIB-non-incremental/QF_S/2019-Jiang/slog/slog_stranger_2480_sink.smt2,CVC4,0.0
/data/SMT-LIB-non-incremental/QF_S/2019-Jiang/slog/slog_stranger_4748_sink.smt2,CVC4,0.0
/data/SMT-LIB-non-incremental/QF_S/2019-Jiang/slog/slog_stranger_773_sink.smt2,CVC4,0.0
/data/SMT-LIB-non-incremental/QF_S/2019-Jiang/slog/slog_stranger_581_sink.smt2,CVC4,0.0
/data/SMT-LIB-non-incremental/QF_S/2019-Jiang/slog/slog_stranger_54_sink.smt2,CVC4,0.0
/data/SMT-LIB-non-incremental/QF_S/2019-Jiang/slog/slog_stranger_181_sink.smt2,CVC4,0.0
/data/SMT-LIB-non-incremental/QF_S/2019-Jiang/slog/slog_stranger_3524_sink.smt2,CVC4,0.0
/data/SMT-LIB-non-incremental/QF_S/2019-Jiang/slog/slog_stranger_2124_sink.smt2,CVC4,0.0
/data/SMT-LIB-non-incremental/QF_S/2019-Jiang/slog/slog_stranger_1998_sink.smt2,CVC4,0.0
/data/SMT-LIB-non-incremental/QF_S/2019-Jiang/slog/slog_stranger_2456_sink.smt2,CVC4,0.0
/data/SMT-LIB-non-incremental/QF_S/2020-sygus-qgen/queries/query6932.smt2,CVC4,0.0
/data/SMT-LIB-non-incremental/QF_S/2019-Jiang/slog/slog_stranger_4571_sink.smt2,CVC4,0.0
/data/SMT-LIB-non-incremental/QF_S/2019-Jiang/slog/slog_stranger_838_sink.smt2,CVC4,0.0
/data/SMT-LIB-non-incremental/QF_S/2019-Jiang/slog/slog_stranger_4844_sink.smt2,CVC4,0.0
/data/SMT-LIB-non-incremental/QF_S/2019-Jiang/slog/slog_stranger_4136_sink.smt2,CVC4,0.0
/data/SMT-LIB-non-incremental/QF_S/2019-Jiang/slog/slog_stranger_3601_sink.smt2,CVC4,0.0
/data/SMT-LIB-non-incremental/QF_S/2019-Jiang/slog/slog_stranger_3452_sink.smt2,CVC4,0.0
/data/SMT-LIB-non-incremental/QF_S/2020-sygus-qgen/queries-no-ree/query5582.smt2,CVC4,0.0
/data/SMT-LIB-non-incremental/QF_S/2019-Jiang/slog/slog_stranger_4147_sink.smt2,CVC4,0.0
/data/SMT-LIB-non-incremental/QF_S/2019-Jiang/slog/slog_stranger_1620_sink.smt2,CVC4,0.0
/data/SMT-LIB-non-incremental/QF_S/2020-sygus-qgen/queries/query9132.smt2,CVC4,0.0
/data/SMT-LIB-non-incremental/QF_S/2019-Jiang/slog/slog_stranger_4144_sink.smt2,CVC4,0.0
/data/SMT-LIB-non-incremental/QF_S/2019-Jiang/slog/slog_stranger_3044_sink.smt2,CVC4,0.0
/data/SMT-LIB-non-incremental/QF_S/2019-Jiang/slog/slog_stranger_5312_sink.smt2,CVC4,0.0
/data/SMT-LIB-non-incremental/QF_S/2019-Jiang/slog/slog_stranger_68_sink.smt2,CVC4,0.0
/data/SMT-LIB-non-incremental/QF_S/2019-Jiang/slog/slog_stranger_1593_sink.smt2,CVC4,0.0
/data/SMT-LIB-non-incremental/QF_S/2019-Jiang/slog/slog_stranger_4511_sink.smt2,CVC4,0.0
/data/SMT-LIB-non-incremental/QF_S/2019-Jiang/slog/slog_stranger_853_sink.smt2,CVC4,0.0
/data/SMT-LIB-non-incremental/QF_S/2019-Jiang/slog/slog_stranger_4639_sink.smt2,CVC4,0.0
/data/SMT-LIB-non-incremental/QF_S/2019-Jiang/slog/slog_stranger_3155_sink.smt2,CVC4,0.0
/data/SMT-LIB-non-incremental/QF_S/2019-Jiang/slog/slog_stranger_4346_sink.smt2,CVC4,0.0
/data/SMT-LIB-non-incremental/QF_S/2019-Jiang/slog/slog_stranger_4513_sink.smt2,CVC4,0.0
/data/SMT-LIB-non-incremental/QF_S/2019-Jiang/slog/slog_stranger_4160_sink.smt2,CVC4,0.0
/data/SMT-LIB-non-incremental/QF_S/2019-Jiang/slog/slog_stranger_4255_sink.smt2,CVC4,0.0
/data/SMT-LIB-non-incremental/QF_S/2019-Jiang/slog/slog_stranger_5029_sink.smt2,CVC4,0.0
/data/SMT-LIB-non-incremental/QF_S/2019-Jiang/slog/slog_stranger_2099_sink.smt2,CVC4,0.0
/data/SMT-LIB-non-incremental/QF_S/2019-Jiang/slog/slog_stranger_1822_sink.smt2,CVC4,0.0
/data/SMT-LIB-non-incremental/QF_S/2019-Jiang/slog/slog_stranger_4201_sink.smt2,CVC4,0.0
/data/SMT-LIB-non-incremental/QF_S/2019-Jiang/slog/slog_stranger_1686_sink.smt2,CVC4,0.0
/data/SMT-LIB-non-incremental/QF_S/2019-Jiang/slog/slog_stranger_5506_sink.smt2,CVC4,0.0
/data/SMT-LIB-non-incremental/QF_S/2019-Jiang/slog/slog_stranger_4050_sink.smt2,CVC4,0.0
/data/SMT-LIB-non-incremental/QF_S/2019-Jiang/slog/slog_stranger_2364_sink.smt2,CVC4,0.0
/data/SMT-LIB-non-incremental/QF_S/2019-Jiang/slog/slog_stranger_2622_sink.smt2,CVC4,0.0
/data/SMT-LIB-non-incremental/QF_S/2019-Jiang/slog/slog_stranger_2787_sink.smt2,CVC4,0.0
/data/SMT-LIB-non-incremental/QF_S/2019-Jiang/slog/slog_stranger_4306_sink.smt2,CVC4,0.0
/data/SMT-LIB-non-incremental/QF_S/2019-Jiang/slog/slog_stranger_5435_sink.smt2,CVC4,0.0
/data/SMT-LIB-non-incremental/QF_S/2019-Jiang/slog/slog_stranger_3283_sink.smt2,CVC4,0.0
/data/SMT-LIB-non-incremental/QF_S/2019-Jiang/slog/slog_stranger_5149_sink.smt2,CVC4,0.0
/data/SMT-LIB-non-incremental/QF_S/2019-Jiang/slog/slog_stranger_5359_sink.smt2,CVC4,0.0
/data/SMT-LIB-non-incremental/QF_S/2019-Jiang/slog/slog_stranger_5254_sink.smt2,CVC4,0.0
/data/SMT-LIB-non-incremental/QF_S/2019-Jiang/slog/slog_stranger_3778_sink.smt2,CVC4,0.0
/data/SMT-LIB-non-incremental/QF_S/2019-Jiang/slog/slog_stranger_666_sink.smt2,CVC4,0.0
/data/SMT-LIB-non-incremental/QF_S/2019-Jiang/slog/slog_stranger_1840_sink.smt2,CVC4,0.0
/data/SMT-LIB-non-incremental/QF_S/2019-Jiang/slog/slog_stranger_4642_sink.smt2,CVC4,0.0
/data/SMT-LIB-non-incremental/QF_S/2020-sygus-qgen/queries/query6620.smt2,CVC4,0.0
/data/SMT-LIB-non-incremental/QF_S/2019-Jiang/slog/slog_stranger_4389_sink.smt2,CVC4,0.0
/data/SMT-LIB-non-incremental/QF_S/2020-sygus-qgen/queries/query3208.smt2,CVC4,0.0
/data/SMT-LIB-non-incremental/QF_S/2019-Jiang/slog/slog_stranger_2394_sink.smt2,CVC4,0.0
/data/SMT-LIB-non-incremental/QF_S/2019-Jiang/slog/slog_stranger_3304_sink.smt2,CVC4,0.0
/data/SMT-LIB-non-incremental/QF_S/2019-Jiang/slog/slog_stranger_40_sink.smt2,CVC4,0.0
/data/SMT-LIB-non-incremental/QF_S/2019-Jiang/slog/slog_stranger_2454_sink.smt2,CVC4,0.0
/data/SMT-LIB-non-incremental/QF_S/2019-Jiang/slog/slog_stranger_765_sink.smt2,CVC4,0.0
/data/SMT-LIB-non-incremental/QF_S/2019-Jiang/slog/slog_stranger_316_sink.smt2,CVC4,0.0
/data/SMT-LIB-non-incremental/QF_S/2019-Jiang/slog/slog_stranger_1173_sink.smt2,CVC4,0.0
/data/SMT-LIB-non-incremental/QF_S/2019-Jiang/slog/slog_stranger_2967_sink.smt2,CVC4,0.0
/data/SMT-LIB-non-incremental/QF_S/2019-Jiang/slog/slog_stranger_995_sink.smt2,CVC4,0.0
/data/SMT-LIB-non-incremental/QF_S/2019-Jiang/slog/slog_stranger_3551_sink.smt2,CVC4,0.0
/data/SMT-LIB-non-incremental/QF_S/2019-Jiang/slog/slog_stranger_2661_sink.smt2,CVC4,0.0
/data/SMT-LIB-non-incremental/QF_S/2019-Jiang/slog/slog_stranger_4238_sink.smt2,CVC4,0.0
/data/SMT-LIB-non-incremental/QF_S/2019-Jiang/slog/slog_stranger_1642_sink.smt2,CVC4,0.0
/data/SMT-LIB-non-incremental/QF_S/2019-Jiang/slog/slog_stranger_5135_sink.smt2,CVC4,0.0
/data/SMT-LIB-non-incremental/QF_S/2020-sygus-qgen/queries/query8335.smt2,CVC4,0.0
/data/SMT-LIB-non-incremental/QF_S/2019-Jiang/slog/slog_stranger_1912_sink.smt2,CVC4,0.0
/data/SMT-LIB-non-incremental/QF_S/2019-Jiang/slog/slog_stranger_394_sink.smt2,CVC4,0.0
/data/SMT-LIB-non-incremental/QF_S/2019-Jiang/slog/slog_stranger_2781_sink.smt2,CVC4,0.0
/data/SMT-LIB-non-incremental/QF_S/2019-Jiang/slog/slog_stranger_318_sink.smt2,CVC4,0.0
/data/SMT-LIB-non-incremental/QF_S/2019-Jiang/slog/slog_stranger_5304_sink.smt2,CVC4,0.0
/data/SMT-LIB-non-incremental/QF_S/2019-Jiang/slog/slog_stranger_4161_sink.smt2,CVC4,0.0
/data/SMT-LIB-non-incremental/QF_S/2019-Jiang/slog/slog_stranger_3517_sink.smt2,CVC4,0.0
/data/SMT-LIB-non-incremental/QF_S/2019-Jiang/slog/slog_stranger_2112_sink.smt2,CVC4,0.0
/data/SMT-LIB-non-incremental/QF_S/2019-Jiang/slog/slog_stranger_3638_sink.smt2,CVC4,0.0
/data/SMT-LIB-non-incremental/QF_S/2019-Jiang/slog/slog_stranger_3095_sink.smt2,CVC4,0.0
/data/SMT-LIB-non-incremental/QF_S/2019-Jiang/slog/slog_stranger_1717_sink.smt2,CVC4,0.0
/data/SMT-LIB-non-incremental/QF_S/2019-Jiang/slog/slog_stranger_1531_sink.smt2,CVC4,0.0
/data/SMT-LIB-non-incremental/QF_S/2019-Jiang/slog/slog_stranger_1835_sink.smt2,CVC4,0.0
/data/SMT-LIB-non-incremental/QF_S/2019-Jiang/slog/slog_stranger_2069_sink.smt2,CVC4,0.0
/data/SMT-LIB-non-incremental/QF_S/2019-Jiang/slog/slog_stranger_5165_sink.smt2,CVC4,0.0
/data/SMT-LIB-non-incremental/QF_S/2019-Jiang/slog/slog_stranger_5470_sink.smt2,CVC4,0.0
/data/SMT-LIB-non-incremental/QF_S/2019-Jiang/slog/slog_stranger_3722_sink.smt2,CVC4,0.0
/data/SMT-LIB-non-incremental/QF_S/2019-Jiang/slog/slog_stranger_2613_sink.smt2,CVC4,0.0
/data/SMT-LIB-non-incremental/QF_S/2019-Jiang/slog/slog_stranger_4455_sink.smt2,CVC4,0.0
/data/SMT-LIB-non-incremental/QF_S/2019-Jiang/slog/slog_stranger_695_sink.smt2,CVC4,0.0
/data/SMT-LIB-non-incremental/QF_S/2019-Jiang/slog/slog_stranger_529_sink.smt2,CVC4,0.0
/data/SMT-LIB-non-incremental/QF_S/2020-sygus-qgen/queries/query7723.smt2,CVC4,0.0
/data/SMT-LIB-non-incremental/QF_S/2020-sygus-qgen/queries/query3168.smt2,CVC4,0.0
/data/SMT-LIB-non-incremental/QF_S/2019-Jiang/slog/slog_stranger_2357_sink.smt2,CVC4,0.0
/data/SMT-LIB-non-incremental/QF_S/2019-Jiang/slog/slog_stranger_3211_sink.smt2,CVC4,0.0
/data/SMT-LIB-non-incremental/QF_S/2019-Jiang/slog/slog_stranger_527_sink.smt2,CVC4,0.0
/data/SMT-LIB-non-incremental/QF_S/2019-Jiang/slog/slog_stranger_4429_sink.smt2,CVC4,0.0
/data/SMT-LIB-non-incremental/QF_S/2019-Jiang/slog/slog_stranger_4299_sink.smt2,CVC4,0.0
/data/SMT-LIB-non-incremental/QF_S/2019-Jiang/slog/slog_stranger_4733_sink.smt2,CVC4,0.0
/data/SMT-LIB-non-incremental/QF_S/2020-sygus-qgen/queries-no-ree/query3723.smt2,CVC4,0.0
/data/SMT-LIB-non-incremental/QF_S/2019-Jiang/slog/slog_stranger_4754_sink.smt2,CVC4,0.0
/data/SMT-LIB-non-incremental/QF_S/2019-Jiang/slog/slog_stranger_4245_sink.smt2,CVC4,0.0
/data/SMT-LIB-non-incremental/QF_S/2019-Jiang/slog/slog_stranger_4685_sink.smt2,CVC4,0.0
/data/SMT-LIB-non-incremental/QF_S/2019-Jiang/slog/slog_stranger_5437_sink.smt2,CVC4,0.0
/data/SMT-LIB-non-incremental/QF_S/2019-Jiang/slog/slog_stranger_3800_sink.smt2,CVC4,0.0
/data/SMT-LIB-non-incremental/QF_S/2019-Jiang/slog/slog_stranger_1654_sink.smt2,CVC4,0.0
/data/SMT-LIB-non-incremental/QF_S/2019-Jiang/slog/slog_stranger_5085_sink.smt2,CVC4,0.0
/data/SMT-LIB-non-incremental/QF_S/2019-Jiang/slog/slog_stranger_277_sink.smt2,CVC4,0.0
/data/SMT-LIB-non-incremental/QF_S/2019-Jiang/slog/slog_stranger_2968_sink.smt2,CVC4,0.0
/data/SMT-LIB-non-incremental/QF_S/2020-sygus-qgen/queries/query3671.smt2,CVC4,0.0
/data/SMT-LIB-non-incremental/QF_S/2019-Jiang/slog/slog_stranger_5038_sink.smt2,CVC4,0.0
/data/SMT-LIB-non-incremental/QF_S/2019-Jiang/slog/slog_stranger_1918_sink.smt2,CVC4,0.0
/data/SMT-LIB-non-incremental/QF_S/2019-Jiang/slog/slog_stranger_2821_sink.smt2,CVC4,0.0
/data/SMT-LIB-non-incremental/QF_S/2019-Jiang/slog/slog_stranger_3440_sink.smt2,CVC4,0.0
/data/SMT-LIB-non-incremental/QF_S/2020-sygus-qgen/queries/query6768.smt2,CVC4,0.0
/data/SMT-LIB-non-incremental/QF_S/2019-Jiang/slog/slog_stranger_2899_sink.smt2,CVC4,0.0
/data/SMT-LIB-non-incremental/QF_S/2020-sygus-qgen/queries/query3236.smt2,CVC4,0.0
/data/SMT-LIB-non-incremental/QF_S/2019-Jiang/slog/slog_stranger_2979_sink.smt2,CVC4,0.0
/data/SMT-LIB-non-incremental/QF_S/2019-Jiang/slog/slog_stranger_2611_sink.smt2,CVC4,0.0
/data/SMT-LIB-non-incremental/QF_S/2019-Jiang/slog/slog_stranger_2610_sink.smt2,CVC4,0.0
/data/SMT-LIB-non-incremental/QF_S/2019-Jiang/slog/slog_stranger_314_sink.smt2,CVC4,0.0
/data/SMT-LIB-non-incremental/QF_S/2019-Jiang/slog/slog_stranger_4243_sink.smt2,CVC4,0.0
/data/SMT-LIB-non-incremental/QF_S/2019-Jiang/slog/slog_stranger_2965_sink.smt2,CVC4,0.0
/data/SMT-LIB-non-incremental/QF_S/2019-Jiang/slog/slog_stranger_3090_sink.smt2,CVC4,0.0
/data/SMT-LIB-non-incremental/QF_S/2019-Jiang/slog/slog_stranger_2846_sink.smt2,CVC4,0.0
/data/SMT-LIB-non-incremental/QF_S/2019-Jiang/slog/slog_stranger_427_sink.smt2,CVC4,0.0
/data/SMT-LIB-non-incremental/QF_S/2019-Jiang/slog/slog_stranger_2981_sink.smt2,CVC4,0.0
/data/SMT-LIB-non-incremental/QF_S/2019-Jiang/slog/slog_stranger_4071_sink.smt2,CVC4,0.0
/data/SMT-LIB-non-incremental/QF_S/2019-Jiang/slog/slog_stranger_1626_sink.smt2,CVC4,0.0
/data/SMT-LIB-non-incremental/QF_S/2019-Jiang/slog/slog_stranger_1013_sink.smt2,CVC4,0.0
/data/SMT-LIB-non-incremental/QF_S/2019-Jiang/slog/slog_stranger_1230_sink.smt2,CVC4,0.0
/data/SMT-LIB-non-incremental/QF_S/2019-Jiang/slog/slog_stranger_2927_sink.smt2,CVC4,0.0
/data/SMT-LIB-non-incremental/QF_S/2019-Jiang/slog/slog_stranger_3404_sink.smt2,CVC4,0.0
/data/SMT-LIB-non-incremental/QF_S/2019-Jiang/slog/slog_stranger_4596_sink.smt2,CVC4,0.0
/data/SMT-LIB-non-incremental/QF_S/2019-Jiang/slog/slog_stranger_33_sink.smt2,CVC4,0.0
/data/SMT-LIB-non-incremental/QF_S/2019-Jiang/slog/slog_stranger_1935_sink.smt2,CVC4,0.0
/data/SMT-LIB-non-incremental/QF_S/2019-Jiang/slog/slog_stranger_5098_sink.smt2,CVC4,0.0
/data/SMT-LIB-non-incremental/QF_S/2019-Jiang/slog/slog_stranger_248_sink.smt2,CVC4,0.0
/data/SMT-LIB-non-incremental/QF_S/2019-Jiang/slog/slog_stranger_3308_sink.smt2,CVC4,0.0
/data/SMT-LIB-non-incremental/QF_S/2019-Jiang/slog/slog_stranger_4310_sink.smt2,CVC4,0.0
/data/SMT-LIB-non-incremental/QF_S/2019-Jiang/slog/slog_stranger_64_sink.smt2,CVC4,0.0
/data/SMT-LIB-non-incremental/QF_S/2019-Jiang/slog/slog_stranger_1788_sink.smt2,CVC4,0.0
/data/SMT-LIB-non-incremental/QF_S/2019-Jiang/slog/slog_stranger_5172_sink.smt2,CVC4,0.0
/data/SMT-LIB-non-incremental/QF_S/2019-Jiang/slog/slog_stranger_839_sink.smt2,CVC4,0.0
/data/SMT-LIB-non-incremental/QF_S/2019-Jiang/slog/slog_stranger_4154_sink.smt2,CVC4,0.0
/data/SMT-LIB-non-incremental/QF_S/2019-Jiang/slog/slog_stranger_4228_sink.smt2,CVC4,0.0
/data/SMT-LIB-non-incremental/QF_S/2019-Jiang/slog/slog_stranger_2343_sink.smt2,CVC4,0.0
/data/SMT-LIB-non-incremental/QF_S/2019-Jiang/slog/slog_stranger_5230_sink.smt2,CVC4,0.0
/data/SMT-LIB-non-incremental/QF_S/2019-Jiang/slog/slog_stranger_4393_sink.smt2,CVC4,0.0
/data/SMT-LIB-non-incremental/QF_S/2020-sygus-qgen/queries/query7989.smt2,CVC4,0.0
/data/SMT-LIB-non-incremental/QF_S/2019-Jiang/slog/slog_stranger_2950_sink.smt2,CVC4,0.0
/data/SMT-LIB-non-incremental/QF_S/2019-Jiang/slog/slog_stranger_4616_sink.smt2,CVC4,0.0
/data/SMT-LIB-non-incremental/QF_S/2019-Jiang/slog/slog_stranger_1228_sink.smt2,CVC4,0.0
/data/SMT-LIB-non-incremental/QF_S/2020-sygus-qgen/queries/query6462.smt2,CVC4,0.0
/data/SMT-LIB-non-incremental/QF_S/2019-Jiang/slog/slog_stranger_1844_sink.smt2,CVC4,0.0
/data/SMT-LIB-non-incremental/QF_S/2019-Jiang/slog/slog_stranger_1855_sink.smt2,CVC4,0.0
/data/SMT-LIB-non-incremental/QF_S/2020-sygus-qgen/queries-no-ree/query3356.smt2,CVC4,0.0
/data/SMT-LIB-non-incremental/QF_S/2019-Jiang/slog/slog_stranger_4138_sink.smt2,CVC4,0.0
/data/SMT-LIB-non-incremental/QF_S/2019-Jiang/slog/slog_stranger_1827_sink.smt2,CVC4,0.0
/data/SMT-LIB-non-incremental/QF_S/2019-Jiang/slog/slog_stranger_2453_sink.smt2,CVC4,0.0
/data/SMT-LIB-non-incremental/QF_S/2019-Jiang/slog/slog_stranger_1567_sink.smt2,CVC4,0.0
/data/SMT-LIB-non-incremental/QF_S/2019-Jiang/slog/slog_stranger_4442_sink.smt2,CVC4,0.0
/data/SMT-LIB-non-incremental/QF_S/2019-Jiang/slog/slog_stranger_5344_sink.smt2,CVC4,0.0
/data/SMT-LIB-non-incremental/QF_S/2020-sygus-qgen/queries/query8952.smt2,CVC4,0.0
/data/SMT-LIB-non-incremental/QF_S/2019-Jiang/slog/slog_stranger_4133_sink.smt2,CVC4,0.0
/data/SMT-LIB-non-incremental/QF_S/2019-Jiang/slog/slog_stranger_3094_sink.smt2,CVC4,0.0
/data/SMT-LIB-non-incremental/QF_S/2019-Jiang/slog/slog_stranger_1310_sink.smt2,CVC4,0.0
/data/SMT-LIB-non-incremental/QF_S/2019-Jiang/slog/slog_stranger_5101_sink.smt2,CVC4,0.0
/data/SMT-LIB-non-incremental/QF_S/2019-Jiang/slog/slog_stranger_3727_sink.smt2,CVC4,0.0
/data/SMT-LIB-non-incremental/QF_S/2019-Jiang/slog/slog_stranger_3946_sink.smt2,CVC4,0.0
/data/SMT-LIB-non-incremental/QF_S/2019-Jiang/slog/slog_stranger_3790_sink.smt2,CVC4,0.0
/data/SMT-LIB-non-incremental/QF_S/2019-Jiang/slog/slog_stranger_4149_sink.smt2,CVC4,0.0
/data/SMT-LIB-non-incremental/QF_S/2019-Jiang/slog/slog_stranger_4598_sink.smt2,CVC4,0.0
/data/SMT-LIB-non-incremental/QF_S/2019-Jiang/slog/slog_stranger_3434_sink.smt2,CVC4,0.0
/data/SMT-LIB-non-incremental/QF_S/2019-Jiang/slog/slog_stranger_1624_sink.smt2,CVC4,0.0
/data/SMT-LIB-non-incremental/QF_S/2019-Jiang/slog/slog_stranger_5434_sink.smt2,CVC4,0.0
/data/SMT-LIB-non-incremental/QF_S/2019-Jiang/slog/slog_stranger_4845_sink.smt2,CVC4,0.0
/data/SMT-LIB-non-incremental/QF_S/2019-Jiang/slog/slog_stranger_2852_sink.smt2,CVC4,0.0
/data/SMT-LIB-non-incremental/QF_S/2019-Jiang/slog/slog_stranger_2192_sink.smt2,CVC4,0.0
/data/SMT-LIB-non-incremental/QF_S/2019-Jiang/slog/slog_stranger_2896_sink.smt2,CVC4,0.0
/data/SMT-LIB-non-incremental/QF_S/2020-sygus-qgen/queries/query7698.smt2,CVC4,0.0
/data/SMT-LIB-non-incremental/QF_S/2019-Jiang/slog/slog_stranger_4236_sink.smt2,CVC4,0.0
/data/SMT-LIB-non-incremental/QF_S/2019-Jiang/slog/slog_stranger_3947_sink.smt2,CVC4,0.0
/data/SMT-LIB-non-incremental/QF_S/2019-Jiang/slog/slog_stranger_3250_sink.smt2,CVC4,0.0
/data/SMT-LIB-non-incremental/QF_S/2019-Jiang/slog/slog_stranger_2808_sink.smt2,CVC4,0.0
/data/SMT-LIB-non-incremental/QF_S/2019-Jiang/slog/slog_stranger_4209_sink.smt2,CVC4,0.0
/data/SMT-LIB-non-incremental/QF_S/2019-Jiang/slog/slog_stranger_1042_sink.smt2,CVC4,0.0
/data/SMT-LIB-non-incremental/QF_S/2019-Jiang/slog/slog_stranger_738_sink.smt2,CVC4,0.0
/data/SMT-LIB-non-incremental/QF_S/2019-Jiang/slog/slog_stranger_777_sink.smt2,CVC4,0.0
/data/SMT-LIB-non-incremental/QF_S/2019-Jiang/slog/slog_stranger_343_sink.smt2,CVC4,0.0
/data/SMT-LIB-non-incremental/QF_S/2019-Jiang/slog/slog_stranger_3870_sink.smt2,CVC4,0.0
/data/SMT-LIB-non-incremental/QF_S/2019-Jiang/slog/slog_stranger_3748_sink.smt2,CVC4,0.0
/data/SMT-LIB-non-incremental/QF_S/2019-Jiang/slog/slog_stranger_3723_sink.smt2,CVC4,0.0
/data/SMT-LIB-non-incremental/QF_S/2019-Jiang/slog/slog_stranger_4769_sink.smt2,CVC4,0.0
/data/SMT-LIB-non-incremental/QF_S/2019-Jiang/slog/slog_stranger_46_sink.smt2,CVC4,0.0
/data/SMT-LIB-non-incremental/QF_S/2019-Jiang/slog/slog_stranger_222_sink.smt2,CVC4,0.0
/data/SMT-LIB-non-incremental/QF_S/2019-Jiang/slog/slog_stranger_4439_sink.smt2,CVC4,0.0
/data/SMT-LIB-non-incremental/QF_S/2019-Jiang/slog/slog_stranger_5298_sink.smt2,CVC4,0.0
/data/SMT-LIB-non-incremental/QF_S/2019-Jiang/slog/slog_stranger_1254_sink.smt2,CVC4,0.0
/data/SMT-LIB-non-incremental/QF_S/2019-Jiang/slog/slog_stranger_2685_sink.smt2,CVC4,0.0
/data/SMT-LIB-non-incremental/QF_S/2019-Jiang/slog/slog_stranger_5323_sink.smt2,CVC4,0.0
/data/SMT-LIB-non-incremental/QF_S/2019-Jiang/slog/slog_stranger_1622_sink.smt2,CVC4,0.0
/data/SMT-LIB-non-incremental/QF_S/2019-Jiang/slog/slog_stranger_3321_sink.smt2,CVC4,0.0
/data/SMT-LIB-non-incremental/QF_S/2019-Jiang/slog/slog_stranger_3941_sink.smt2,CVC4,0.0
/data/SMT-LIB-non-incremental/QF_S/2019-Jiang/slog/slog_stranger_138_sink.smt2,CVC4,0.0
/data/SMT-LIB-non-incremental/QF_S/2019-Jiang/slog/slog_stranger_2405_sink.smt2,CVC4,0.0
/data/SMT-LIB-non-incremental/QF_S/2019-Jiang/slog/slog_stranger_4227_sink.smt2,CVC4,0.0
/data/SMT-LIB-non-incremental/QF_S/2020-sygus-qgen/queries/query7990.smt2,CVC4,0.0
/data/SMT-LIB-non-incremental/QF_S/2020-sygus-qgen/queries/query3520.smt2,CVC4,0.0
/data/SMT-LIB-non-incremental/QF_S/2019-Jiang/slog/slog_stranger_4753_sink.smt2,CVC4,0.0
/data/SMT-LIB-non-incremental/QF_S/2019-Jiang/slog/slog_stranger_4036_sink.smt2,CVC4,0.0
/data/SMT-LIB-non-incremental/QF_S/2019-Jiang/slog/slog_stranger_1820_sink.smt2,CVC4,0.0
/data/SMT-LIB-non-incremental/QF_S/2019-Jiang/slog/slog_stranger_1158_sink.smt2,CVC4,0.0
/data/SMT-LIB-non-incremental/QF_S/2019-Jiang/slog/slog_stranger_655_sink.smt2,CVC4,0.0
/data/SMT-LIB-non-incremental/QF_S/2020-sygus-qgen/queries/query9064.smt2,CVC4,0.0
/data/SMT-LIB-non-incremental/QF_S/2019-Jiang/slog/slog_stranger_5144_sink.smt2,CVC4,0.0
/data/SMT-LIB-non-incremental/QF_S/2019-Jiang/slog/slog_stranger_4135_sink.smt2,CVC4,0.0
/data/SMT-LIB-non-incremental/QF_S/2020-sygus-qgen/queries/query3358.smt2,CVC4,0.0
/data/SMT-LIB-non-incremental/QF_S/2019-Jiang/slog/slog_stranger_3451_sink.smt2,CVC4,0.0
/data/SMT-LIB-non-incremental/QF_S/2019-Jiang/slog/slog_stranger_4772_sink.smt2,CVC4,0.0
/data/SMT-LIB-non-incremental/QF_S/2019-Jiang/slog/slog_stranger_5039_sink.smt2,CVC4,0.0
/data/SMT-LIB-non-incremental/QF_S/2019-Jiang/slog/slog_stranger_250_sink.smt2,CVC4,0.0
/data/SMT-LIB-non-incremental/QF_S/2019-Jiang/slog/slog_stranger_4811_sink.smt2,CVC4,0.0
/data/SMT-LIB-non-incremental/QF_S/2019-Jiang/slog/slog_stranger_3051_sink.smt2,CVC4,0.0
/data/SMT-LIB-non-incremental/QF_S/2019-Jiang/slog/slog_stranger_1996_sink.smt2,CVC4,0.0
/data/SMT-LIB-non-incremental/QF_S/2020-sygus-qgen/queries/query3203.smt2,CVC4,0.0
/data/SMT-LIB-non-incremental/QF_S/2019-Jiang/slog/slog_stranger_1146_sink.smt2,CVC4,0.0
/data/SMT-LIB-non-incremental/QF_S/2020-sygus-qgen/queries-no-ree/query5197.smt2,CVC4,0.0
/data/SMT-LIB-non-incremental/QF_S/2019-Jiang/slog/slog_stranger_503_sink.smt2,CVC4,0.0
/data/SMT-LIB-non-incremental/QF_S/2019-Jiang/slog/slog_stranger_1252_sink.smt2,CVC4,0.0
/data/SMT-LIB-non-incremental/QF_S/2019-Jiang/slog/slog_stranger_2855_sink.smt2,CVC4,0.0
/data/SMT-LIB-non-incremental/QF_S/2019-Jiang/slog/slog_stranger_5031_sink.smt2,CVC4,0.0
/data/SMT-LIB-non-incremental/QF_S/2019-Jiang/slog/slog_stranger_5309_sink.smt2,CVC4,0.0
/data/SMT-LIB-non-incremental/QF_S/2019-Jiang/slog/slog_stranger_4475_sink.smt2,CVC4,0.0
/data/SMT-LIB-non-incremental/QF_S/2019-Jiang/slog/slog_stranger_5405_sink.smt2,CVC4,0.0
/data/SMT-LIB-non-incremental/QF_S/2019-Jiang/slog/slog_stranger_998_sink.smt2,CVC4,0.0
/data/SMT-LIB-non-incremental/QF_S/2019-Jiang/slog/slog_stranger_4089_sink.smt2,CVC4,0.0
/data/SMT-LIB-non-incremental/QF_S/2019-Jiang/slog/slog_stranger_3749_sink.smt2,CVC4,0.0
/data/SMT-LIB-non-incremental/QF_S/2019-Jiang/slog/slog_stranger_2226_sink.smt2,CVC4,0.0
/data/SMT-LIB-non-incremental/QF_S/2019-Jiang/slog/slog_stranger_2186_sink.smt2,CVC4,0.0
/data/SMT-LIB-non-incremental/QF_S/2020-sygus-qgen/queries/query3336.smt2,CVC4,0.0
/data/SMT-LIB-non-incremental/QF_S/2019-Jiang/slog/slog_stranger_346_sink.smt2,CVC4,0.0
/data/SMT-LIB-non-incremental/QF_S/2019-Jiang/slog/slog_stranger_2769_sink.smt2,CVC4,0.0
/data/SMT-LIB-non-incremental/QF_S/2019-Jiang/slog/slog_stranger_243_sink.smt2,CVC4,0.0
/data/SMT-LIB-non-incremental/QF_S/2019-Jiang/slog/slog_stranger_753_sink.smt2,CVC4,0.0
/data/SMT-LIB-non-incremental/QF_S/2020-sygus-qgen/queries/query3185.smt2,CVC4,0.0
/data/SMT-LIB-non-incremental/QF_S/2019-Jiang/slog/slog_stranger_3449_sink.smt2,CVC4,0.0
/data/SMT-LIB-non-incremental/QF_S/2019-Jiang/slog/slog_stranger_5236_sink.smt2,CVC4,0.0
/data/SMT-LIB-non-incremental/QF_S/2019-Jiang/slog/slog_stranger_3161_sink.smt2,CVC4,0.0
/data/SMT-LIB-non-incremental/QF_S/2020-sygus-qgen/queries/query8865.smt2,CVC4,0.0
/data/SMT-LIB-non-incremental/QF_S/2019-Jiang/slog/slog_stranger_2158_sink.smt2,CVC4,0.0
/data/SMT-LIB-non-incremental/QF_S/2019-Jiang/slog/slog_stranger_3193_sink.smt2,CVC4,0.0
/data/SMT-LIB-non-incremental/QF_S/2019-Jiang/slog/slog_stranger_4039_sink.smt2,CVC4,0.0
/data/SMT-LIB-non-incremental/QF_S/2019-Jiang/slog/slog_stranger_3779_sink.smt2,CVC4,0.0
/data/SMT-LIB-non-incremental/QF_S/2019-Jiang/slog/slog_stranger_4755_sink.smt2,CVC4,0.0
/data/SMT-LIB-non-incremental/QF_S/2020-sygus-qgen/queries/query3519.smt2,CVC4,0.0
/data/SMT-LIB-non-incremental/QF_S/2019-Jiang/slog/slog_stranger_3353_sink.smt2,CVC4,0.0
/data/SMT-LIB-non-incremental/QF_S/2019-Jiang/slog/slog_stranger_4551_sink.smt2,CVC4,0.0
/data/SMT-LIB-non-incremental/QF_S/2019-Jiang/slog/slog_stranger_2966_sink.smt2,CVC4,0.0
/data/SMT-LIB-non-incremental/QF_S/2019-Jiang/slog/slog_stranger_4686_sink.smt2,CVC4,0.0
/data/SMT-LIB-non-incremental/QF_S/2019-Jiang/slog/slog_stranger_3166_sink.smt2,CVC4,0.0
/data/SMT-LIB-non-incremental/QF_S/2019-Jiang/slog/slog_stranger_4508_sink.smt2,CVC4,0.0
/data/SMT-LIB-non-incremental/QF_S/2019-Jiang/slog/slog_stranger_2509_sink.smt2,CVC4,0.0
/data/SMT-LIB-non-incremental/QF_S/2019-Jiang/slog/slog_stranger_4644_sink.smt2,CVC4,0.0
/data/SMT-LIB-non-incremental/QF_S/2019-Jiang/slog/slog_stranger_3402_sink.smt2,CVC4,0.0
/data/SMT-LIB-non-incremental/QF_S/2019-Jiang/slog/slog_stranger_1598_sink.smt2,CVC4,0.0
/data/SMT-LIB-non-incremental/QF_S/2019-Jiang/slog/slog_stranger_5549_sink.smt2,CVC4,0.0
/data/SMT-LIB-non-incremental/QF_S/2019-Jiang/slog/slog_stranger_3156_sink.smt2,CVC4,0.0
